Date,Track,Race Number,Horse,Barrier,Jockey,Trainer,SP,Finish Position,Race Distance,Class,Track Condition,Weather,Total Runners
2023-01-13,GOSFORD,1,DREAMBENDER,13,ASHLEY MORGAN,TODD HOWLETT,5.5,2.0,1200,MAIDEN,GOOD4,FINE,16
2023-01-13,GOSFORD,1,AT THIS MOMENT,8,WINONA COSTIN,BLAKE FITZPATRICK,151.0,,1200,MAIDEN,GOOD4,FINE,16
2023-01-13,GOSFORD,1,CURRENCY OF HOPE,1,AARON BULLOCK,KRISTEN BUCHANAN,34.0,,1200,MAIDEN,GOOD4,FINE,16
2023-01-13,GOSFORD,1,JABALI BELLE,16,KATHY O'HARA,WAYNE AUSTIN,8.0,,1200,MAIDEN,GOOD4,FINE,16
2023-01-13,GOSFORD,1,ORLABENT,10,KEAGAN LATHAM,ROSS MCCONVILLE,6.0,,1200,MAIDEN,GOOD4,FINE,16
2023-01-13,GOSFORD,1,LARA'S LAULET,5,ALYSHA COLLETT,KIM WAUGH,4.4,,1200,MAIDEN,GOOD4,FINE,16
2023-01-13,GOSFORD,1,EVER UPWARD,4,AMY MCLUCAS,KEVIN MAY,4.0,,1200,MAIDEN,GOOD4,FINE,16
2023-01-13,GOSFORD,1,MOSCA LUNA,6,DYLAN GIBBONS,BRAD WIDDUP,19.0,,1200,MAIDEN,GOOD4,FINE,16
2023-01-13,GOSFORD,1,WHISKY WISDOM,11,BROCK RYAN,BENJAMIN SMITH,9.0,4.0,1200,MAIDEN,GOOD4,FINE,16
2023-01-13,GOSFORD,1,APACHE DOC,3,ELLEN HENNESSY,WAYNE SEELIN,126.0,,1200,MAIDEN,GOOD4,FINE,16
2023-01-13,GOSFORD,1,BESPANGLED,7,DARRYL MCLELLAN,KRIS LEES,9.5,3.0,1200,MAIDEN,GOOD4,FINE,16
2023-01-13,GOSFORD,1,CHAMP PROFOND,9,BRETT PREBBLE,BLAKE RYAN,21.0,,1200,MAIDEN,GOOD4,FINE,16
2023-01-13,GOSFORD,1,DU JOUR IDEA,2,MITCHELL BELL,KYLIE GAVENLOCK,126.0,1.0,1200,MAIDEN,GOOD4,FINE,16
2023-01-13,GOSFORD,1,MISTY DREAMS,10,JAY FORD,KIM WAUGH,14.0,,1200,MAIDEN,GOOD4,FINE,16
2023-01-13,GOSFORD,1,SERAFIMA,15,NOT NOTIFIED,KERRY PARKER,1.01,,1200,MAIDEN,GOOD4,FINE,16
2023-01-13,GOSFORD,1,GARSIDE,12,JEFF PENZA,PAUL PERRY,51.0,,1200,MAIDEN,GOOD4,FINE,16
2023-01-13,GOSFORD,2,PADAWAN,14,NOT NOTIFIED,JASON COYLE,0.0,,1200,MDN-SW,GOOD4,FINE,17
2023-01-13,GOSFORD,2,KANGAROO COURT,7,JOSHUA PARR,GAI WATERHOUSE & ADRIAN BOTT,1.7,,1200,MDN-SW,GOOD4,FINE,17
2023-01-13,GOSFORD,2,TURN UP THE NIGHT,2,ALYSHA COLLETT,ANNABEL NEASHAM,18.0,1.0,1200,MDN-SW,GOOD4,FINE,17
2023-01-13,GOSFORD,2,YOUNG REBEL,6,BROCK RYAN,JOHN THOMPSON,61.0,,1200,MDN-SW,GOOD4,FINE,17
2023-01-13,GOSFORD,2,HIMALAISM,12,BEN COEN,CHRIS WALLER,4.8,,1200,MDN-SW,GOOD4,FINE,17
2023-01-13,GOSFORD,2,VANCOUVER'S CROWN,13,NOT NOTIFIED,JASON COYLE,0.0,,1200,MDN-SW,GOOD4,FINE,17
2023-01-13,GOSFORD,2,DIVINE KAMEHALANI,1,KATHY O'HARA,JASON COYLE,41.0,,1200,MDN-SW,GOOD4,FINE,17
2023-01-13,GOSFORD,2,HAIL TO THE QUEEN,5,SAM CLIPPERTON,PETER & PAUL SNOWDEN,14.0,2.0,1200,MDN-SW,GOOD4,FINE,17
2023-01-13,GOSFORD,2,COLERAINE,9,KEAGAN LATHAM,PETER & PAUL SNOWDEN,23.0,,1200,MDN-SW,GOOD4,FINE,17
2023-01-13,GOSFORD,2,DAYTONA GAL,11,TYLER SCHILLER,MARK NEWNHAM,26.0,,1200,MDN-SW,GOOD4,FINE,17
2023-01-13,GOSFORD,2,REBEL LOVE,3,DYLAN GIBBONS,MATTHEW SMITH,9.0,,1200,MDN-SW,GOOD4,FINE,17
2023-01-13,GOSFORD,2,LADY PERCIVAL'S,4,BRETT PREBBLE,RICHARD & WILL FREEDMAN,4.6,4.0,1200,MDN-SW,GOOD4,FINE,17
2023-01-13,GOSFORD,2,GRACEFUL FORCE,17,NOT NOTIFIED,PETER & PAUL SNOWDEN,0.0,,1200,MDN-SW,GOOD4,FINE,17
2023-01-13,GOSFORD,2,ELENI,8,ANDREW ADKINS,PETER & PAUL SNOWDEN,34.0,,1200,MDN-SW,GOOD4,FINE,17
2023-01-13,GOSFORD,2,ADORE THE RUSH,11,JAMIE POWELL,MATTHEW SMITH,151.0,,1200,MDN-SW,GOOD4,FINE,17
2023-01-13,GOSFORD,2,SPEAK UP,10,KERRIN MCEVOY,JOHN O'SHEA,21.0,3.0,1200,MDN-SW,GOOD4,FINE,17
2023-01-13,GOSFORD,2,DU JOUR IDEA,3,NOT NOTIFIED,KYLIE GAVENLOCK,0.0,,1200,MDN-SW,GOOD4,FINE,17
2023-01-13,GOSFORD,3,FIELD WIRI,2,BROCK RYAN,RICHARD & WILL FREEDMAN,3.0,2.0,1200,FMB-64,GOOD4,FINE,9
2023-01-13,GOSFORD,3,WOLLOMBI,6,SAM CLIPPERTON,PETER & PAUL SNOWDEN,9.5,3.0,1200,FMB-64,GOOD4,FINE,9
2023-01-13,GOSFORD,3,BELRIAH,8,TYLER SCHILLER,GARY PORTELLI,61.0,,1200,FMB-64,GOOD4,FINE,9
2023-01-13,GOSFORD,3,SMART LITTLE MISS,5,LOUISE DAY,RON QUINTON,11.0,1.0,1200,FMB-64,GOOD4,FINE,9
2023-01-13,GOSFORD,3,RINNOVA,1,JOSHUA PARR,"MICHAEL, WAYNE & JOHN HAWKES",7.0,,1200,FMB-64,GOOD4,FINE,9
2023-01-13,GOSFORD,3,TINTOOKIE,4,BRETT PREBBLE,BRAD WIDDUP,3.0,4.0,1200,FMB-64,GOOD4,FINE,9
2023-01-13,GOSFORD,3,OUR LADY STARDUST,7,ANDREW ADKINS,GERALD RYAN & STERLING ALEXIOU,8.0,,1200,FMB-64,GOOD4,FINE,9
2023-01-13,GOSFORD,3,ORTHIE'S GIRLS,3,ALYSHA COLLETT,KIM WAUGH,23.0,,1200,FMB-64,GOOD4,FINE,9
2023-01-13,GOSFORD,3,SAKS ON FIFTH,9,JAY FORD,LEE & CHERIE CURTIS,34.0,,1200,FMB-64,GOOD4,FINE,9
2023-01-13,GOSFORD,4,DASH DASH DASH,10,JOSHUA PARR,IAN FINN,6.0,,1900,MDN-SW,GOOD4,FINE,16
2023-01-13,GOSFORD,4,JIMMY MANOLO,3,DYLAN GIBBONS,MATTHEW SMITH,9.0,3.0,1900,MDN-SW,GOOD4,FINE,16
2023-01-13,GOSFORD,4,SULMAHER,2,BEN COEN,CHRIS WALLER,15.0,,1900,MDN-SW,GOOD4,FINE,16
2023-01-13,GOSFORD,4,RANGITIKEI,4,KERRIN MCEVOY,CHRIS WALLER,7.5,,1900,MDN-SW,GOOD4,FINE,16
2023-01-13,GOSFORD,4,SULWAAN,7,MITCHELL BELL,BENJAMIN SMITH,11.0,4.0,1900,MDN-SW,GOOD4,FINE,16
2023-01-13,GOSFORD,4,BIG POCKETS,1,TYLER SCHILLER,MARK NEWNHAM,19.0,,1900,MDN-SW,GOOD4,FINE,16
2023-01-13,GOSFORD,4,EL CABALLO,6,JAY FORD,MATTHEW ROBINSON,71.0,,1900,MDN-SW,GOOD4,FINE,16
2023-01-13,GOSFORD,4,MANA COMBAT,14,LOUISE DAY,CIARON MAHER & DAVID EUSTACE,8.0,,1900,MDN-SW,GOOD4,FINE,16
2023-01-13,GOSFORD,4,OCTAHEDRON,5,SAM CLIPPERTON,DAVID PAYNE,2.8,,1900,MDN-SW,GOOD4,FINE,16
2023-01-13,GOSFORD,4,SKYLON,8,BRETT PREBBLE,CHRIS WALLER,5.0,1.0,1900,MDN-SW,GOOD4,FINE,16
2023-01-13,GOSFORD,4,CITRIC,9,AARON BULLOCK,JASON COYLE,34.0,2.0,1900,MDN-SW,GOOD4,FINE,16
2023-01-13,GOSFORD,4,RAPID IMPACT,11,NOT NOTIFIED,MARC CONNERS,1.01,,1900,MDN-SW,GOOD4,FINE,16
2023-01-13,GOSFORD,4,RAGING CLIMAX,1,ASHLEY MORGAN,KRISTEN BUCHANAN,1.01,,1900,MDN-SW,GOOD4,FINE,16
2023-01-13,GOSFORD,4,OFFANEASY,4,LEE MAGORRIAN,JIM & GREG LEE,1.01,,1900,MDN-SW,GOOD4,FINE,16
2023-01-13,GOSFORD,4,PAIR OF HEARTS,13,LEWIS GERMAN,PAUL PERRY,1.01,,1900,MDN-SW,GOOD4,FINE,16
2023-01-13,GOSFORD,4,NEWSLETTER,16,BROCK RYAN,JOHN THOMPSON,1.01,,1900,MDN-SW,GOOD4,FINE,16
2023-01-13,GOSFORD,5,I'LL TELL YOU NOW,3,JOSHUA PARR,ADAM DUGGAN,4.6,,1000,BM-64,GOOD4,FINE,11
2023-01-13,GOSFORD,5,BIG HAPPINESS,2,AARON BULLOCK,KRISTEN BUCHANAN,11.0,1.0,1000,BM-64,GOOD4,FINE,11
2023-01-13,GOSFORD,5,KING CHARMING,4,JAY FORD,DAVID PFIEFFER,10.0,3.0,1000,BM-64,GOOD4,FINE,11
2023-01-13,GOSFORD,5,RUMPSHAKER,5,ELLEN HENNESSY,NICK MITCHELL,26.0,,1000,BM-64,GOOD4,FINE,11
2023-01-13,GOSFORD,5,SHARKIM,7,NOT NOTIFIED,GREGORY MCFARLANE,0.0,,1000,BM-64,GOOD4,FINE,11
2023-01-13,GOSFORD,5,CHIPPER,6,TYLER SCHILLER,KIM WAUGH,1.6,4.0,1000,BM-64,GOOD4,FINE,11
2023-01-13,GOSFORD,5,GEEWIZ JOHNNY,11,ANDREW ADKINS,GREGORY MCFARLANE,12.0,,1000,BM-64,GOOD4,FINE,11
2023-01-13,GOSFORD,5,MIDNIGHT OASIS,9,ASHLEY MORGAN,MATTHEW SMITH,16.0,,1000,BM-64,GOOD4,FINE,11
2023-01-13,GOSFORD,5,RUSSIAN ASSASSIN,7,JESS TAYLOR,LAURI PARKER,17.0,,1000,BM-64,GOOD4,FINE,11
2023-01-13,GOSFORD,5,CALAMITY FOX,1,WINONA COSTIN,GREGORY MCFARLANE,16.0,2.0,1000,BM-64,GOOD4,FINE,11
2023-01-13,GOSFORD,5,PATAGONIAN,8,MIKAYLA WEIR,PAUL PERRY,51.0,,1000,BM-64,GOOD4,FINE,11
2023-01-13,GOSFORD,6,WESTERN FRONT,6,DYLAN GIBBONS,ANNABEL NEASHAM,2.9,,1600,CLS1,GOOD4,FINE,17
2023-01-13,GOSFORD,6,I AM THE EMPIRE,1,BRETT PREBBLE,ANNABEL NEASHAM,8.0,2.0,1600,CLS1,GOOD4,FINE,17
2023-01-13,GOSFORD,6,SIR GODRIC,3,JAY FORD,KIM WAUGH,4.4,,1600,CLS1,GOOD4,FINE,17
2023-01-13,GOSFORD,6,DO WELL LEGEND,12,KERRIN MCEVOY,CHRIS WALLER,7.5,,1600,CLS1,GOOD4,FINE,17
2023-01-13,GOSFORD,6,CALM DOWN,4,ANDREW ADKINS,RON QUINTON,5.0,3.0,1600,CLS1,GOOD4,FINE,17
2023-01-13,GOSFORD,6,DON PEDRO,6,MITCHELL BELL,BJORN BAKER,5.5,,1600,CLS1,GOOD4,FINE,17
2023-01-13,GOSFORD,6,SPENCER'S SPIRIT,14,KATHY O'HARA,AMANDA TURNER,0.0,,1600,CLS1,GOOD4,FINE,17
2023-01-13,GOSFORD,6,NOBLE EMPRESS,2,MIKAYLA WEIR,NEIL WARD,11.0,1.0,1600,CLS1,GOOD4,FINE,17
2023-01-13,GOSFORD,6,OLLIE'S SECRET,11,ASHLEY MORGAN,JAN BOWEN,11.0,,1600,CLS1,GOOD4,FINE,17
2023-01-13,GOSFORD,6,PROMISE THE MOON,8,ALYSHA COLLETT,WAYNE AUSTIN,11.0,,1600,CLS1,GOOD4,FINE,17
2023-01-13,GOSFORD,6,BADDA BOOM BABY,2,KEAGAN LATHAM,ANNABEL NEASHAM,9.0,,1600,CLS1,GOOD4,FINE,17
2023-01-13,GOSFORD,6,HARMONY HALO,17,NOT NOTIFIED,PAUL PERRY,0.0,,1600,CLS1,GOOD4,FINE,17
2023-01-13,GOSFORD,6,TWISTED NIKKAS,7,LEWIS GERMAN,KYLIE GAVENLOCK,51.0,,1600,CLS1,GOOD4,FINE,17
2023-01-13,GOSFORD,6,ROTHROCK,9,WINONA COSTIN,PAUL PERRY,26.0,,1600,CLS1,GOOD4,FINE,17
2023-01-13,GOSFORD,6,THAILAND,10,TYLER SCHILLER,ROBERT PEARSE,8.5,4.0,1600,CLS1,GOOD4,FINE,17
2023-01-13,GOSFORD,6,EVERY EFFORT,11,ELLEN HENNESSY,WAYNE SEELIN,21.0,,1600,CLS1,GOOD4,FINE,17
2023-01-13,GOSFORD,6,ALLTHEHILLS,5,JEFF PENZA,BEN HILL,101.0,,1600,CLS1,GOOD4,FINE,17
2023-01-13,GOSFORD,7,TIM'S PRINCIPAL,5,AMY MCLUCAS,JEREMY GASK,18.0,,1200,BM-64,GOOD4,FINE,18
2023-01-13,GOSFORD,7,O'NOT A DOUBT,13,ELLEN HENNESSY,JOSEPH KHALIFEH,101.0,,1200,BM-64,GOOD4,FINE,18
2023-01-13,GOSFORD,7,TORONOMICA,15,JOSHUA PARR,RICHARD & WILL FREEDMAN,5.0,,1200,BM-64,GOOD4,FINE,18
2023-01-13,GOSFORD,7,DIAMOND HANDS,1,WINONA COSTIN,BJORN BAKER,9.5,,1200,BM-64,GOOD4,FINE,18
2023-01-13,GOSFORD,7,REGGIE'S BOY,8,BRETT PREBBLE,ANGELA DAVIES,4.8,3.0,1200,BM-64,GOOD4,FINE,18
2023-01-13,GOSFORD,7,KING OF NAPLES,2,SAM CLIPPERTON,JOHN O'SHEA,2.15,1.0,1200,BM-64,GOOD4,FINE,18
2023-01-13,GOSFORD,7,DIVINE OKAY,7,ASHLEY MORGAN,BJORN BAKER,21.0,,1200,BM-64,GOOD4,FINE,18
2023-01-13,GOSFORD,7,AMICUS CURIAE,10,MITCHELL BELL,MACK GRIFFITH,51.0,4.0,1200,BM-64,GOOD4,FINE,18
2023-01-13,GOSFORD,7,OXFORD VISION,6,JAY FORD,KIM WAUGH,26.0,2.0,1200,BM-64,GOOD4,FINE,18
2023-01-13,GOSFORD,7,CAPITAL ASSET,9,KERRIN MCEVOY,PETER & PAUL SNOWDEN,6.5,,1200,BM-64,GOOD4,FINE,18
2023-01-13,GOSFORD,7,OSMAN,12,AARON BULLOCK,MACK GRIFFITH,18.0,,1200,BM-64,GOOD4,FINE,18
2023-01-13,GOSFORD,7,NICCI KNEE KNACK,11,DYLAN GIBBONS,WAYNE WILKES,151.0,,1200,BM-64,GOOD4,FINE,18
2023-01-13,GOSFORD,7,REVEAL THE MAGIC,4,JEFF PENZA,PETER H BLOOMFIELD,31.0,,1200,BM-64,GOOD4,FINE,18
2023-01-13,GOSFORD,7,KNICKPOINT,18,JAMIE POWELL,RICHARD LITT,0.0,,1200,BM-64,GOOD4,FINE,18
2023-01-13,GOSFORD,7,FREE RIDER,17,NOT NOTIFIED,TODD HOWLETT,0.0,,1200,BM-64,GOOD4,FINE,18
2023-01-13,GOSFORD,7,BODGIE,3,LEWIS GERMAN,PAUL PERRY,81.0,,1200,BM-64,GOOD4,FINE,18
2023-01-13,GOSFORD,7,EMPEROR HARADA,14,MIKAYLA WEIR,NEIL WARD,126.0,,1200,BM-64,GOOD4,FINE,18
2023-01-13,GOSFORD,7,CHIPPER,10,NOT NOTIFIED,KIM WAUGH,1.01,,1200,BM-64,GOOD4,FINE,18
2023-01-13,BALLINA,1,PANUARA BOY,7,BROOKE STOWER,TERRY MCCARTHY,2.25,4.0,1000,CLS1,GOOD3,FINE,10
2023-01-13,BALLINA,1,THE SHERPA,2,JON GRISEDALE,BRETT CAVANOUGH,6.5,,1000,CLS1,GOOD3,FINE,10
2023-01-13,BALLINA,1,MANAGUA,1,BRODIE LOY,DANIEL S BOWEN,3.7,,1000,CLS1,GOOD3,FINE,10
2023-01-13,BALLINA,1,RAYOCK,5,COURTNEY BELLAMY,TERRY MCCARTHY,6.5,,1000,CLS1,GOOD3,FINE,10
2023-01-13,BALLINA,1,THE LIGHT FANDANGO,6,NOT NOTIFIED,STEPHEN LEE,8.5,,1000,CLS1,GOOD3,FINE,10
2023-01-13,BALLINA,1,SIR HAVACHAT,8,MATTHEW MCGUREN,SHANE EVERSON,5.5,1.0,1000,CLS1,GOOD3,FINE,10
2023-01-13,BALLINA,1,HALOBEL,3,BEN LOOKER,DWAYNE SCHMIDT,0.0,,1000,CLS1,GOOD3,FINE,10
2023-01-13,BALLINA,1,ILLARI,6,LES TILLEY,STEPHEN LEE,26.0,2.0,1000,CLS1,GOOD3,FINE,10
2023-01-13,BALLINA,1,SALT AND PEPPER,4,EMILY LANG,PADDY CUNNINGHAM,16.0,,1000,CLS1,GOOD3,FINE,10
2023-01-13,BALLINA,1,ALL TOO HOLY,3,LANI ALLEN,KEITH C SMITH,19.0,3.0,1000,CLS1,GOOD3,FINE,10
2023-01-13,BALLINA,2,CLOCKS TICKING,6,RAYMOND SPOKES,CAROLYN HALLIDAY,41.0,,1000,MDN-SW,GOOD3,FINE,11
2023-01-13,BALLINA,2,KLONDIKE STRIKE,3,DANNY PEISLEY,LEO CLAPHAM,81.0,,1000,MDN-SW,GOOD3,FINE,11
2023-01-13,BALLINA,2,TOY BOY ROY,2,JON GRISEDALE,SHANE EVERSON,2.7,4.0,1000,MDN-SW,GOOD3,FINE,11
2023-01-13,BALLINA,2,BEAN GROOVY,11,MATTHEW MCGUREN,MATTHEW DUNN,3.2,2.0,1000,MDN-SW,GOOD3,FINE,11
2023-01-13,BALLINA,2,LUCKY ROLLA,5,BRODIE LOY,ANDREW PILLING,81.0,,1000,MDN-SW,GOOD3,FINE,11
2023-01-13,BALLINA,2,SUPIDOMAN,7,LES TILLEY,STEPHEN LEE,3.3,1.0,1000,MDN-SW,GOOD3,FINE,11
2023-01-13,BALLINA,2,VOCATION,1,ANDREW MALLYON,IAN COOK,7.5,3.0,1000,MDN-SW,GOOD3,FINE,11
2023-01-13,BALLINA,2,BRAIDS,10,COURTNEY BELLAMY,PETER EVANS,151.0,,1000,MDN-SW,GOOD3,FINE,11
2023-01-13,BALLINA,2,FIELD OF STARS,8,NOZI TOMIZAWA,DAIKI CHUJO,81.0,,1000,MDN-SW,GOOD3,FINE,11
2023-01-13,BALLINA,2,REAL AKAGE,4,NORIYUKI MASUDA,DAIKI CHUJO,101.0,,1000,MDN-SW,GOOD3,FINE,11
2023-01-13,BALLINA,2,SHADESOFMIDNIGHT,9,BEN LOOKER,DWAYNE SCHMIDT,61.0,,1000,MDN-SW,GOOD3,FINE,11
2023-01-13,BALLINA,3,COLLIDED,11,JOHN KISSICK,SALLY TAYLOR,31.0,3.0,1590,MDN-SW,GOOD3,FINE,12
2023-01-13,BALLINA,3,DESTINATION SYDNEY,12,KARL ZECHNER,VISHAN VENKAYA,16.0,,1590,MDN-SW,GOOD3,FINE,12
2023-01-13,BALLINA,3,FORTIVACI,6,NORIYUKI MASUDA,ETHAN ENSBY,81.0,,1590,MDN-SW,GOOD3,FINE,12
2023-01-13,BALLINA,3,IN CLOSE REACH,8,LES TILLEY,JON WALK,26.0,,1590,MDN-SW,GOOD3,FINE,12
2023-01-13,BALLINA,3,JIMMY GIGGLE,4,ANDREW MALLYON,LINDSAY HATCH,1.6,2.0,1590,MDN-SW,GOOD3,FINE,12
2023-01-13,BALLINA,3,KAYTEE REINADO,3,NOZI TOMIZAWA,DAIKI CHUJO,10.0,,1590,MDN-SW,GOOD3,FINE,12
2023-01-13,BALLINA,3,KING TEREUS,1,BRODIE LOY,STEPHEN LEE,19.0,4.0,1590,MDN-SW,GOOD3,FINE,12
2023-01-13,BALLINA,3,MAHOMES,2,RAYMOND SPOKES,JASON REILLY,8.5,,1590,MDN-SW,GOOD3,FINE,12
2023-01-13,BALLINA,3,MR MONEGASQUE,7,MATTHEW MCGUREN,MATTHEW DUNN,16.0,,1590,MDN-SW,GOOD3,FINE,12
2023-01-13,BALLINA,3,SET TO SPIN,5,DANNY PEISLEY,SHANE EVERSON,101.0,,1590,MDN-SW,GOOD3,FINE,12
2023-01-13,BALLINA,3,ELMITA,9,EMILY LANG,YVONNE DAY,13.0,1.0,1590,MDN-SW,GOOD3,FINE,12
2023-01-13,BALLINA,3,TOPTIMISTIC,10,ANTHONY ALLEN,MATTHEW DUNN,151.0,,1590,MDN-SW,GOOD3,FINE,12
2023-01-13,BALLINA,4,BOLD CONTENDER,6,DANNY PEISLEY,OWEN GLUE,34.0,4.0,1900,BM-66,GOOD3,FINE,12
2023-01-13,BALLINA,4,DORSET COAST,9,COURTNEY BELLAMY,MATTHEW DUNN,17.0,,1900,BM-66,GOOD3,FINE,12
2023-01-13,BALLINA,4,KINGSTAR BULLET,10,EMILY LANG,STIRLING OSLAND,10.0,,1900,BM-66,GOOD3,FINE,12
2023-01-13,BALLINA,4,JETFOIL,7,MATTHEW MCGUREN,HELEN PAGE,6.0,3.0,1900,BM-66,GOOD3,FINE,12
2023-01-13,BALLINA,4,SAVAHEAT,12,BEN LOOKER,SHANE EVERSON,12.0,,1900,BM-66,GOOD3,FINE,12
2023-01-13,BALLINA,4,RAHAAN,5,RAYMOND SPOKES,JULIE PRATTEN,9.5,,1900,BM-66,GOOD3,FINE,12
2023-01-13,BALLINA,4,VANTASTIC,1,ANDREW MALLYON,JOHN SMERDON,3.5,2.0,1900,BM-66,GOOD3,FINE,12
2023-01-13,BALLINA,4,BEEF WEEK PRINCESS,2,BRODIE LOY,DANIEL S BOWEN,3.6,1.0,1900,BM-66,GOOD3,FINE,12
2023-01-13,BALLINA,4,PRATTEN PARK,8,LES TILLEY,STEPHEN LEE,21.0,,1900,BM-66,GOOD3,FINE,12
2023-01-13,BALLINA,4,SHOTGUN BOBBY,4,LUKE DITTMAN,ETHAN ENSBY,34.0,,1900,BM-66,GOOD3,FINE,12
2023-01-13,BALLINA,4,CHAYSE 'N' NOAH,11,KARL ZECHNER,VISHAN VENKAYA,34.0,,1900,BM-66,GOOD3,FINE,12
2023-01-13,BALLINA,4,MISS PIERPOINT,3,NORIYUKI MASUDA,MARK GORMAN,151.0,,1900,BM-66,GOOD3,FINE,12
2023-01-13,BALLINA,5,AL ASH LAD,6,MATTHEW MCGUREN,MATTHEW DUNN,1.4,2.0,1300,MAIDEN,GOOD3,FINE,20
2023-01-13,BALLINA,5,NANO STAR,5,BEN LOOKER,HELEN PAGE,4.0,1.0,1300,MAIDEN,GOOD3,FINE,20
2023-01-13,BALLINA,5,ZOONA THAN LATER,8,ANTHONY ALLEN,TOBY & TRENT EDMONDS,8.5,,1300,MAIDEN,GOOD3,FINE,20
2023-01-13,BALLINA,5,THE BRONX BULL,3,DANNY PEISLEY,MARCUS WILSON,16.0,,1300,MAIDEN,GOOD3,FINE,20
2023-01-13,BALLINA,5,CONTI,12,NOT NOTIFIED,LINDSAY GOUGH,41.0,,1300,MAIDEN,GOOD3,FINE,20
2023-01-13,BALLINA,5,NORTHERN INVADER,3,LUKE DITTMAN,ETHAN ENSBY,23.0,,1300,MAIDEN,GOOD3,FINE,20
2023-01-13,BALLINA,5,NOT A FAT BOY,11,NOT NOTIFIED,LINDSAY GOUGH,51.0,,1300,MAIDEN,GOOD3,FINE,20
2023-01-13,BALLINA,5,SOUTHERN HIGHLANDS,2,BRODIE LOY,STEPHEN LEE,8.0,,1300,MAIDEN,GOOD3,FINE,20
2023-01-13,BALLINA,5,VENETIAN DANCER,2,STEPHEN TRAECEY,JIM JARVIS,51.0,,1300,MAIDEN,GOOD3,FINE,20
2023-01-13,BALLINA,5,EARLY CHOICE,1,ISABELLA RABJONES,HARRY RICHARDSON,51.0,,1300,MAIDEN,GOOD3,FINE,20
2023-01-13,BALLINA,5,ENTERPRISE TWIGGY,18,NOT NOTIFIED,JOHN SHELTON,81.0,,1300,MAIDEN,GOOD3,FINE,20
2023-01-13,BALLINA,5,REOJOAN,17,ANDREW MALLYON,LINDSAY HATCH,9.5,,1300,MAIDEN,GOOD3,FINE,20
2023-01-13,BALLINA,5,REVONTULET,4,LES TILLEY,STEPHEN LEE,7.5,3.0,1300,MAIDEN,GOOD3,FINE,20
2023-01-13,BALLINA,5,ROMANTIC THOUGHTS,16,NOT NOTIFIED,TROY PASCOE,41.0,,1300,MAIDEN,GOOD3,FINE,20
2023-01-13,BALLINA,5,SEA OF QI,10,NOT NOTIFIED,TRACY TIMBERY,1.01,,1300,MAIDEN,GOOD3,FINE,20
2023-01-13,BALLINA,5,CAPITEEL,13,NOT NOTIFIED,GLENN THORNTON,0.0,,1300,MAIDEN,GOOD3,FINE,20
2023-01-13,BALLINA,5,GODDESS GLOW,20,BROOKE AINSWORTH,DEBRA AINSWORTH,1.01,,1300,MAIDEN,GOOD3,FINE,20
2023-01-13,BALLINA,5,SNAP THE LUCK,14,NOT NOTIFIED,LAURIE RICHARDSON,1.01,,1300,MAIDEN,GOOD3,FINE,20
2023-01-13,BALLINA,5,MILLIFFE,19,NOT NOTIFIED,MARCUS WILSON,1.01,,1300,MAIDEN,GOOD3,FINE,20
2023-01-13,BALLINA,5,BAROONA ROAD,7,NORIYUKI MASUDA,MARK GORMAN,61.0,4.0,1300,MAIDEN,GOOD3,FINE,20
2023-01-13,BALLINA,6,LET'S PARTY MARTY,11,LIV O'DONNELL,LINDSAY HATCH,6.0,3.0,1000,BM-74,GOOD3,FINE,13
2023-01-13,BALLINA,6,PARKSVILLE,5,COURTNEY BELLAMY,BRETT DODSON,6.0,,1000,BM-74,GOOD3,FINE,13
2023-01-13,BALLINA,6,HAURAKI GULF,8,STEPHEN TRAECEY,JIM JARVIS,14.0,4.0,1000,BM-74,GOOD3,FINE,13
2023-01-13,BALLINA,6,THE BILLIONAIRE,10,PAUL HAMMERSLEY,LEE FREEDMAN,9.0,,1000,BM-74,GOOD3,FINE,13
2023-01-13,BALLINA,6,ORLEANS ROCK,1,SHANE KARLSSON,JOHN SMERDON,34.0,,1000,BM-74,GOOD3,FINE,13
2023-01-13,BALLINA,6,OVERSEAS,10,ANDREW MALLYON,LINDSAY HATCH,7.5,2.0,1000,BM-74,GOOD3,FINE,13
2023-01-13,BALLINA,6,PHOENIX RIVER,7,ANTHONY ALLEN,FLEUR BLANCH,34.0,,1000,BM-74,GOOD3,FINE,13
2023-01-13,BALLINA,6,STAR MAGNUM,6,MATTHEW MCGUREN,MATTHEW DUNN,6.5,,1000,BM-74,GOOD3,FINE,13
2023-01-13,BALLINA,6,LIGHT OF BOOM,2,ELIONE CHAVES,ADAM CAMPTON,4.4,,1000,BM-74,GOOD3,FINE,13
2023-01-13,BALLINA,6,IN FIORE,4,EMILY LANG,SAMANTHA MCGUREN,19.0,1.0,1000,BM-74,GOOD3,FINE,13
2023-01-13,BALLINA,6,PALAWA KANI,9,BRODIE LOY,DANIEL S BOWEN,10.0,,1000,BM-74,GOOD3,FINE,13
2023-01-13,BALLINA,6,EXPLOSIVE TRUTH,12,NORIYUKI MASUDA,DENNIS DWANE,15.0,,1000,BM-74,GOOD3,FINE,13
2023-01-13,BALLINA,6,AWESOME MISS,3,BEN LOOKER,JOHN SHELTON,26.0,,1000,BM-74,GOOD3,FINE,13
2023-01-13,BALLINA,7,HAUNTED,8,LES TILLEY,STEPHEN LEE,61.0,,1590,OPEN,GOOD3,FINE,18
2023-01-13,BALLINA,7,CRISTAL BREEZE,12,BRODIE LOY,KRIS LEES,23.0,,1590,OPEN,GOOD3,FINE,18
2023-01-13,BALLINA,7,POINT COUNTERPOINT,9,BROOKE STOWER,STIRLING OSLAND,8.5,1.0,1590,OPEN,GOOD3,FINE,18
2023-01-13,BALLINA,7,SAGACIOUS,6,MATTHEW MCGUREN,MATTHEW DUNN,8.0,4.0,1590,OPEN,GOOD3,FINE,18
2023-01-13,BALLINA,7,SPANGLER,10,ANDREW MALLYON,KRIS LEES,2.8,2.0,1590,OPEN,GOOD3,FINE,18
2023-01-13,BALLINA,7,MIX,7,PAUL HAMMERSLEY,LEE FREEDMAN,6.0,,1590,OPEN,GOOD3,FINE,18
2023-01-13,BALLINA,7,EIGER,5,JON GRISEDALE,BRETT CAVANOUGH,26.0,,1590,OPEN,GOOD3,FINE,18
2023-01-13,BALLINA,7,THE TYLER,3,BEN LOOKER,LINDSAY HATCH,5.0,3.0,1590,OPEN,GOOD3,FINE,18
2023-01-13,BALLINA,7,LASTING KISS,18,NOT NOTIFIED,STEPHEN LEE,10.0,,1590,OPEN,GOOD3,FINE,18
2023-01-13,BALLINA,7,AHEADOFHISTIME,16,MATTHEW BENNETT,TREVOR HARDY,41.0,,1590,OPEN,GOOD3,FINE,18
2023-01-13,BALLINA,7,SOUTHERN ROCK,2,ANTHONY ALLEN,MATTHEW DUNN,34.0,,1590,OPEN,GOOD3,FINE,18
2023-01-13,BALLINA,7,BROOK HILL,17,NOT NOTIFIED,DANNY BOUGOURE,0.0,,1590,OPEN,GOOD3,FINE,18
2023-01-13,BALLINA,7,TOOTS IS TOPS,4,LANI ALLEN,STEPHEN LEE,31.0,,1590,OPEN,GOOD3,FINE,18
2023-01-13,BALLINA,7,JACKSPRAT,14,NORIYUKI MASUDA,DAIKI CHUJO,61.0,,1590,OPEN,GOOD3,FINE,18
2023-01-13,BALLINA,7,PREDICTABLE MISS,11,MELEA CASTLE,SHANE EVERSON,126.0,,1590,OPEN,GOOD3,FINE,18
2023-01-13,BALLINA,7,ROSE BOUQUET,13,STEPHEN TRAECEY,DANIEL S BOWEN,51.0,,1590,OPEN,GOOD3,FINE,18
2023-01-13,BALLINA,7,BAHAMUT,1,NOZI TOMIZAWA,DAIKI CHUJO,26.0,,1590,OPEN,GOOD3,FINE,18
2023-01-13,BALLINA,7,GIVEITALLALI,8,NOT NOTIFIED,STEPHEN COLE,1.01,,1590,OPEN,GOOD3,FINE,18
2023-01-13,BALLINA,8,EYES TO EYE,6,LUKE DITTMAN,ETHAN ENSBY,4.0,4.0,1400,CLS2,GOOD3,FINE,14
2023-01-13,BALLINA,8,RUSSIAN WARRIOR,13,SEAN CORMACK,ALLAN CHAU,1.01,,1400,CLS2,GOOD3,FINE,14
2023-01-13,BALLINA,8,ASCOT EXPRESS,4,EMILY LANG,BARRY BALDWIN,6.0,3.0,1400,CLS2,GOOD3,FINE,14
2023-01-13,BALLINA,8,REGAL EDITION,4,ANDREW MALLYON,LINDSAY HATCH,1.01,,1400,CLS2,GOOD3,FINE,14
2023-01-13,BALLINA,8,I KNOW THE TRAINER,12,RAYMOND SPOKES,PAUL SMITH,0.0,,1400,CLS2,GOOD3,FINE,14
2023-01-13,BALLINA,8,OLAKAU'ATU,2,MATTHEW BENNETT,BRETT DODSON,2.0,1.0,1400,CLS2,GOOD3,FINE,14
2023-01-13,BALLINA,8,AQUARIUS,7,MATTHEW MCGUREN,MATTHEW DUNN,7.5,2.0,1400,CLS2,GOOD3,FINE,14
2023-01-13,BALLINA,8,LADY SHANGHAI,11,NOT NOTIFIED,LINDSAY GOUGH,0.0,,1400,CLS2,GOOD3,FINE,14
2023-01-13,BALLINA,8,CHICKERARTIE,8,LES TILLEY,STEPHEN LEE,1.01,,1400,CLS2,GOOD3,FINE,14
2023-01-13,BALLINA,8,CEFALU,10,NOT NOTIFIED,LEO CLAPHAM,1.01,,1400,CLS2,GOOD3,FINE,14
2023-01-13,BALLINA,8,WORLD CHARMER,3,BROOKE AINSWORTH,MARK PALMER,11.0,,1400,CLS2,GOOD3,FINE,14
2023-01-13,BALLINA,8,PEANO GRIGIO,1,LES TILLEY,STEPHEN LEE,34.0,,1400,CLS2,GOOD3,FINE,14
2023-01-13,BALLINA,8,RISE'N'SHINE,5,LANI ALLEN,BEN HULL,21.0,,1400,CLS2,GOOD3,FINE,14
2023-01-13,BALLINA,8,SCORCH THE TURF,14,NORIYUKI MASUDA,TRACY TIMBERY,1.01,,1400,CLS2,GOOD3,FINE,14
2023-01-13,CRANBOURNE,1,BRUNGLE CREEK,1,BEN ALLEN,JASON WARREN,10.0,,1600,3Y+MSW,GOOD3,FINE,12
2023-01-13,CRANBOURNE,1,CHOQUANT,3,ETHAN BROWN,MICHAEL KENT,1.6,1.0,1600,3Y+MSW,GOOD3,FINE,12
2023-01-13,CRANBOURNE,1,COUNTRY'S LIGHT,6,KIRAN QUILTY,TETYANA FURDETSKA,8.5,,1600,3Y+MSW,GOOD3,FINE,12
2023-01-13,CRANBOURNE,1,MOONRIDER,8,JAMIE MOTT,GREG EURELL,23.0,3.0,1600,3Y+MSW,GOOD3,FINE,12
2023-01-13,CRANBOURNE,1,OPALSON,10,ROBBIE DOWNEY,DAVID & CORAL FEEK,21.0,,1600,3Y+MSW,GOOD3,FINE,12
2023-01-13,CRANBOURNE,1,RECKLESS BAY,9,CELINE GAUDRAY,ADELE GARRAWAY,101.0,,1600,3Y+MSW,GOOD3,FINE,12
2023-01-13,CRANBOURNE,1,ROLLING FIELDS,2,THOMAS STOCKDALE,JACKIE BERIMAN,126.0,,1600,3Y+MSW,GOOD3,FINE,12
2023-01-13,CRANBOURNE,1,FIRE PRINCE,7,TEO NUGENT,SHEA EDEN,126.0,,1600,3Y+MSW,GOOD3,FINE,12
2023-01-13,CRANBOURNE,1,NAVAL DESTROYER,4,CARLEEN HEFEL,PETER G MOODY,5.0,2.0,1600,3Y+MSW,GOOD3,FINE,12
2023-01-13,CRANBOURNE,1,FREEFLOW,5,MICHAEL POY,CLIFF BROWN,12.0,,1600,3Y+MSW,GOOD3,FINE,12
2023-01-13,CRANBOURNE,1,LAURIE BLUE,6,DAMIEN THORNTON,COLIN SCOTT,15.0,4.0,1600,3Y+MSW,GOOD3,FINE,12
2023-01-13,CRANBOURNE,1,LUNAR FROST,1,TIANNI CHAPMAN,REBECCA KELLY,151.0,,1600,3Y+MSW,GOOD3,FINE,12
2023-01-13,CRANBOURNE,2,ALLURING REBEL,8,ETHAN BROWN,MICHAEL KENT,3.5,4.0,1200,3Y+MSW,GOOD3,FINE,13
2023-01-13,CRANBOURNE,2,CHARGENLIKAPLUMA,11,CARLEEN HEFEL,ROBBIE GRIFFITHS & MATHEW DE KOCK,8.5,,1200,3Y+MSW,GOOD3,FINE,13
2023-01-13,CRANBOURNE,2,SNAKEY'S REWARD,3,BRIAN HIGGINS,MICHAEL HUGLIN,26.0,,1200,3Y+MSW,GOOD3,FINE,13
2023-01-13,CRANBOURNE,2,DAICOS,2,MICHAEL POY,PETER & PAUL SNOWDEN,6.0,2.0,1200,3Y+MSW,GOOD3,FINE,13
2023-01-13,CRANBOURNE,2,EXTRAVAGANT CHOICE,4,BEN ALLEN,CIARON MAHER & DAVID EUSTACE,1.8,1.0,1200,3Y+MSW,GOOD3,FINE,13
2023-01-13,CRANBOURNE,2,IRISH CRICKETS,9,NOT NOTIFIED,MATT LAURIE,5.0,,1200,3Y+MSW,GOOD3,FINE,13
2023-01-13,CRANBOURNE,2,KEMSLEY ROAD,13,SALLY WYNNE,DOMINIKA GRIGLAKOVA,151.0,,1200,3Y+MSW,GOOD3,FINE,13
2023-01-13,CRANBOURNE,2,REMIGIUS,12,ROBBIE DOWNEY,BEN & JD HAYES,34.0,,1200,3Y+MSW,GOOD3,FINE,13
2023-01-13,CRANBOURNE,2,SQUID STING,7,MELISSA JULIUS,JOSH JULIUS,71.0,,1200,3Y+MSW,GOOD3,FINE,13
2023-01-13,CRANBOURNE,2,LUNAR EFFECT,6,TIANNI CHAPMAN,REBECCA KELLY,151.0,,1200,3Y+MSW,GOOD3,FINE,13
2023-01-13,CRANBOURNE,2,VAMPIRE MISS,1,KIRAN QUILTY,TETYANA FURDETSKA,19.0,,1200,3Y+MSW,GOOD3,FINE,13
2023-01-13,CRANBOURNE,2,LOVE IS EASY,5,CARLEEN HEFEL,PETER G MOODY,7.0,3.0,1200,3Y+MSW,GOOD3,FINE,13
2023-01-13,CRANBOURNE,2,NIGHT ERUPTION,3,TEO NUGENT,PAUL WORTHINGTON,126.0,,1200,3Y+MSW,GOOD3,FINE,13
2023-01-13,CRANBOURNE,3,CRADLE OF LIFE,1,ETHAN BROWN,RICHARD LAMING,4.8,1.0,1400,3Y-MSW,GOOD3,FINE,10
2023-01-13,CRANBOURNE,3,HAZARD A GUESS,7,CELINE GAUDRAY,DARRYL BLACKSHAW,101.0,,1400,3Y-MSW,GOOD3,FINE,10
2023-01-13,CRANBOURNE,3,KILLER BEE,6,JAMIE MOTT,GREG EURELL,8.0,,1400,3Y-MSW,GOOD3,FINE,10
2023-01-13,CRANBOURNE,3,LAVISH THINKER,5,MICHAEL POY,PHILLIP STOKES,2.8,4.0,1400,3Y-MSW,GOOD3,FINE,10
2023-01-13,CRANBOURNE,3,LOLLY MONEY,3,BEN ALLEN,JOHN MCARDLE,5.5,,1400,3Y-MSW,GOOD3,FINE,10
2023-01-13,CRANBOURNE,3,MISTER FAIRBANKS,9,THOMAS STOCKDALE,GREG EURELL,9.5,,1400,3Y-MSW,GOOD3,FINE,10
2023-01-13,CRANBOURNE,3,DREAMTIME GIRL,1,NOT NOTIFIED,MARK & LEVI KAVANAGH,0.0,,1400,3Y-MSW,GOOD3,FINE,10
2023-01-13,CRANBOURNE,3,INNERBLOOM,4,TOM PREBBLE,EMMA-LEE & DAVID BROWNE,10.0,2.0,1400,3Y-MSW,GOOD3,FINE,10
2023-01-13,CRANBOURNE,3,LILICA EBET,8,TEO NUGENT,KEN & KASEY KEYS,18.0,,1400,3Y-MSW,GOOD3,FINE,10
2023-01-13,CRANBOURNE,3,SMASH IT MADDI,2,DAMIEN THORNTON,PAT CAREY,16.0,3.0,1400,3Y-MSW,GOOD3,FINE,10
2023-01-13,CRANBOURNE,4,GYMKERRIE,7,TEO NUGENT,JACQUI SIMS,81.0,,1400,4Y+MSW,GOOD3,FINE,12
2023-01-13,CRANBOURNE,4,HARBOUR LIGHT,11,ROBBIE DOWNEY,MARCUS FAHLER,126.0,,1400,4Y+MSW,GOOD3,FINE,12
2023-01-13,CRANBOURNE,4,ISDELL,9,BEN ALLEN,CHERYL WELLER,6.0,,1400,4Y+MSW,GOOD3,FINE,12
2023-01-13,CRANBOURNE,4,NIKI FRISK,6,CARLEEN HEFEL,CHRISTOPHER DIPLOCK,34.0,4.0,1400,4Y+MSW,GOOD3,FINE,12
2023-01-13,CRANBOURNE,4,ROTOKURA,9,DAMIEN THORNTON,ROBBIE GRIFFITHS & MATHEW DE KOCK,4.8,,1400,4Y+MSW,GOOD3,FINE,12
2023-01-13,CRANBOURNE,4,ALICE DOWNS,1,JAMIE MOTT,JASON WARREN,6.0,3.0,1400,4Y+MSW,GOOD3,FINE,12
2023-01-13,CRANBOURNE,4,DANCINGINTHEDARK,8,ETHAN BROWN,MICHAEL KENT,1.8,,1400,4Y+MSW,GOOD3,FINE,12
2023-01-13,CRANBOURNE,4,INDY ROSE WARRIOR,10,THOMAS STOCKDALE,TRENT BUSUTTIN & NATALIE YOUNG,6.5,,1400,4Y+MSW,GOOD3,FINE,12
2023-01-13,CRANBOURNE,4,JAMESARELLI,2,TOM PREBBLE,BROOKE SCHREUDER,13.0,1.0,1400,4Y+MSW,GOOD3,FINE,12
2023-01-13,CRANBOURNE,4,NOORTOOMANY,3,TIANNI CHAPMAN,REBECCA KELLY,81.0,2.0,1400,4Y+MSW,GOOD3,FINE,12
2023-01-13,CRANBOURNE,4,TOO TRUE,5,YOKO OTA,DOMINIKA GRIGLAKOVA,151.0,,1400,4Y+MSW,GOOD3,FINE,12
2023-01-13,CRANBOURNE,4,TRAILER PARK GIRL,4,SHERIDAN CLARKE,ANGELA BENCE,151.0,,1400,4Y+MSW,GOOD3,FINE,12
2023-01-13,CRANBOURNE,5,LADY ADELAIDE,4,ETHAN BROWN,PATRICK PAYNE,2.6,1.0,1400,FMB-64,GOOD3,FINE,7
2023-01-13,CRANBOURNE,5,PENFRIEND,3,JAMIE MOTT,TONY & CALVIN MCEVOY,9.5,,1400,FMB-64,GOOD3,FINE,7
2023-01-13,CRANBOURNE,5,RED COLUMBINE,1,DAMIEN THORNTON,ROBBIE GRIFFITHS & MATHEW DE KOCK,15.0,2.0,1400,FMB-64,GOOD3,FINE,7
2023-01-13,CRANBOURNE,5,STARDEN LASS,2,BEN ALLEN,CIARON MAHER & DAVID EUSTACE,4.0,4.0,1400,FMB-64,GOOD3,FINE,7
2023-01-13,CRANBOURNE,5,AEECEE SUPREME,6,CARLEEN HEFEL,PETER G MOODY,6.5,,1400,FMB-64,GOOD3,FINE,7
2023-01-13,CRANBOURNE,5,GOTTA BEAT,5,THOMAS STOCKDALE,SHANE STOCKDALE,21.0,,1400,FMB-64,GOOD3,FINE,7
2023-01-13,CRANBOURNE,5,MOVADER,7,TEO NUGENT,CIARON MAHER & DAVID EUSTACE,5.5,3.0,1400,FMB-64,GOOD3,FINE,7
2023-01-13,CRANBOURNE,6,ZOUTELLUS,1,BEN ALLEN,KEN & KASEY KEYS,2.4,2.0,2025,BM-64,GOOD3,FINE,7
2023-01-13,CRANBOURNE,6,ANCIENT EGYPT,5,CARLEEN HEFEL,PETER G MOODY,4.8,1.0,2025,BM-64,GOOD3,FINE,7
2023-01-13,CRANBOURNE,6,ABRUPT,2,DAMIEN THORNTON,LEON & TROY CORSTENS,8.5,,2025,BM-64,GOOD3,FINE,7
2023-01-13,CRANBOURNE,6,FIELDS OF GRACE,4,ETHAN BROWN,MICHAEL KENT,3.6,,2025,BM-64,GOOD3,FINE,7
2023-01-13,CRANBOURNE,6,SARNIA,6,TEO NUGENT,REECE GOODWIN,6.5,4.0,2025,BM-64,GOOD3,FINE,7
2023-01-13,CRANBOURNE,6,FIVE OUNCE,3,TIANNI CHAPMAN,MICHAEL RYAN,11.0,3.0,2025,BM-64,GOOD3,FINE,7
2023-01-13,CRANBOURNE,6,DISENCHANTED,2,RANDY TAN,KIM & GAYLE MAYBERRY,81.0,,2025,BM-64,GOOD3,FINE,7
2023-01-13,CRANBOURNE,7,TRUE MARVEL,11,JAMIE MOTT,MATTHEW SMITH,3.3,2.0,3000,BM-70,GOOD3,FINE,13
2023-01-13,CRANBOURNE,7,WINIFER,7,TOM PREBBLE,NICK RYAN,5.5,4.0,3000,BM-70,GOOD3,FINE,13
2023-01-13,CRANBOURNE,7,EATON,3,THOMAS STOCKDALE,MICHAEL & LUKE CERCHI,11.0,3.0,3000,BM-70,GOOD3,FINE,13
2023-01-13,CRANBOURNE,7,MISS FIVE HUNDRED,1,ROBBIE DOWNEY,BILL PAPAZAHAROUDAKIS,7.0,,3000,BM-70,GOOD3,FINE,13
2023-01-13,CRANBOURNE,7,MONREAL,2,DAMIEN THORNTON,MATTHEW SMITH,4.0,1.0,3000,BM-70,GOOD3,FINE,13
2023-01-13,CRANBOURNE,7,ALIENATED,9,LAURA LAFFERTY,CLIFF MURRAY,26.0,,3000,BM-70,GOOD3,FINE,13
2023-01-13,CRANBOURNE,7,HEARTLAND RAIDER,12,TEO NUGENT,CHARLIE GAFA,18.0,,3000,BM-70,GOOD3,FINE,13
2023-01-13,CRANBOURNE,7,OBEDIENCE,6,CELINE GAUDRAY,MATT CUMANI,14.0,,3000,BM-70,GOOD3,FINE,13
2023-01-13,CRANBOURNE,7,LIGHT UP THE MOON,4,MICHAEL POY,KATE KERSLEY,16.0,,3000,BM-70,GOOD3,FINE,13
2023-01-13,CRANBOURNE,7,REDDIVO,11,NOT NOTIFIED,JAMIE EDWARDS,9.5,,3000,BM-70,GOOD3,FINE,13
2023-01-13,CRANBOURNE,7,MY BUTTONS BIGGER,8,SHERIDAN CLARKE,PATRICK KEANE,101.0,,3000,BM-70,GOOD3,FINE,13
2023-01-13,CRANBOURNE,7,SASSOON,10,TIANNI CHAPMAN,REBECCA KELLY,126.0,,3000,BM-70,GOOD3,FINE,13
2023-01-13,CRANBOURNE,7,RUZATON,5,CARLEEN HEFEL,TETYANA FURDETSKA,151.0,,3000,BM-70,GOOD3,FINE,13
2023-01-13,CRANBOURNE,8,VONGOLE,7,MATTHEW CHADWICK,ENVER JUSUFOVIC,12.0,4.0,1300,BM-64,GOOD3,FINE,9
2023-01-13,CRANBOURNE,8,CONDO'S EXPRESS,3,JAMIE MOTT,GAVIN BEDGGOOD,19.0,,1300,BM-64,GOOD3,FINE,9
2023-01-13,CRANBOURNE,8,HINTO BLUE,2,CELINE GAUDRAY,BEN & JD HAYES,6.0,,1300,BM-64,GOOD3,FINE,9
2023-01-13,CRANBOURNE,8,AMBIDAZZLE,6,SHERIDAN CLARKE,PHILLIP STOKES,11.0,,1300,BM-64,GOOD3,FINE,9
2023-01-13,CRANBOURNE,8,GALACTIC FURY,8,BEN ALLEN,CIARON MAHER & DAVID EUSTACE,5.5,1.0,1300,BM-64,GOOD3,FINE,9
2023-01-13,CRANBOURNE,8,SQUAMI,5,DAMIEN THORNTON,SIMON ZAHRA,3.1,2.0,1300,BM-64,GOOD3,FINE,9
2023-01-13,CRANBOURNE,8,LAKE TAI,1,THOMAS STOCKDALE,SMILEY CHAN,7.0,3.0,1300,BM-64,GOOD3,FINE,9
2023-01-13,CRANBOURNE,8,PERUSAL,4,ETHAN BROWN,MATT LAURIE,5.0,,1300,BM-64,GOOD3,FINE,9
2023-01-13,CRANBOURNE,8,AMINATU,7,KIRAN QUILTY,TREVOR ROGERS,3.3,,1300,BM-64,GOOD3,FINE,9
2023-01-13,GEELONG,1,BIG WATCH,3,JAMIE MOTT,MICHAEL MORONEY,3.0,4.0,1143,3Y-MSW,GOOD3,FINE,15
2023-01-13,GEELONG,1,CITY ESCAPE,4,JOSH CARTWRIGHT,VINCENT MALADY,34.0,,1143,3Y-MSW,GOOD3,FINE,15
2023-01-13,GEELONG,1,FINANCE PARTNER,9,JYE MCNEIL,DANNY O'BRIEN,13.0,,1143,3Y-MSW,GOOD3,FINE,15
2023-01-13,GEELONG,1,GRAYSONG,12,BLAKE SHINN,MICK PRICE & MICHAEL KENT (JNR),4.0,,1143,3Y-MSW,GOOD3,FINE,15
2023-01-13,GEELONG,1,JESSUP,1,HARRY COFFEY,GRAHAME BEGG,11.0,2.0,1143,3Y-MSW,GOOD3,FINE,15
2023-01-13,GEELONG,1,ALWAYS ARGYLL,4,TAHLIA HOPE,KATHRYN DURDEN,71.0,,1143,3Y-MSW,GOOD3,FINE,15
2023-01-13,GEELONG,1,MILLA'S MILLIONS,7,JORDAN CHILDS,LEON & TROY CORSTENS,21.0,,1143,3Y-MSW,GOOD3,FINE,15
2023-01-13,GEELONG,1,SASSY ANNA,8,DAMIEN OLIVER,"MICHAEL, WAYNE & JOHN HAWKES",3.2,3.0,1143,3Y-MSW,GOOD3,FINE,15
2023-01-13,GEELONG,1,SCUDERIA,6,JOHN ALLEN,THOMAS CARBERRY,3.9,1.0,1143,3Y-MSW,GOOD3,FINE,15
2023-01-13,GEELONG,1,SHE CAN ROCK,14,DANIEL MOOR,JOHN MCARDLE,17.0,,1143,3Y-MSW,GOOD3,FINE,15
2023-01-13,GEELONG,1,SIMPLE MINDS,13,MICHAEL POY,GREG EURELL,0.0,,1143,3Y-MSW,GOOD3,FINE,15
2023-01-13,GEELONG,1,STEP FORWARD,1,CRAIG NEWITT,JASON WARREN,1.01,,1143,3Y-MSW,GOOD3,FINE,15
2023-01-13,GEELONG,1,VALENCONI,15,DANIEL STACKHOUSE,JASON WARREN,1.01,,1143,3Y-MSW,GOOD3,FINE,15
2023-01-13,GEELONG,1,LE REACH,5,NEIL FARLEY,ANDREW NOBLET,71.0,,1143,3Y-MSW,GOOD3,FINE,15
2023-01-13,GEELONG,1,MISS ITALIANA,2,DANIEL MOOR,ANDREW NOBLET,23.0,,1143,3Y-MSW,GOOD3,FINE,15
2023-01-13,GEELONG,2,EYESTRYKE,5,TAHLIA HOPE,MERVYN MCKENZIE,26.0,,1143,4Y+MSW,GOOD3,FINE,15
2023-01-13,GEELONG,2,MAGNUS RED,4,JOHN ALLEN,MATTHEW SMERDON,4.0,1.0,1143,4Y+MSW,GOOD3,FINE,15
2023-01-13,GEELONG,2,MARANZANO,11,JOE BOWDITCH,LLOYD KENNEWELL,14.0,4.0,1143,4Y+MSW,GOOD3,FINE,15
2023-01-13,GEELONG,2,SIGNAL,1,DANIEL MOOR,MATT LAURIE,2.9,2.0,1143,4Y+MSW,GOOD3,FINE,15
2023-01-13,GEELONG,2,SON OF GRACE,9,NEIL FARLEY,ALLISON SHEEHAN,126.0,,1143,4Y+MSW,GOOD3,FINE,15
2023-01-13,GEELONG,2,ANGEL OF BOOM,4,JAKE NOONAN,DYLAN DUNN,18.0,,1143,4Y+MSW,GOOD3,FINE,15
2023-01-13,GEELONG,2,NORTHWOOD POPPET,6,HARRY COFFEY,STEPHEN BROWN,23.0,,1143,4Y+MSW,GOOD3,FINE,15
2023-01-13,GEELONG,2,OASIS GOLD,14,DAMIEN THORNTON,MATHEW ELLERTON,21.0,,1143,4Y+MSW,GOOD3,FINE,15
2023-01-13,GEELONG,2,SEYDOUX,2,DANIEL STACKHOUSE,JIM CONLAN,2.9,,1143,4Y+MSW,GOOD3,FINE,15
2023-01-13,GEELONG,2,TOFFEE STREET,3,JOSH CARTWRIGHT,HENRY DWYER,9.5,3.0,1143,4Y+MSW,GOOD3,FINE,15
2023-01-13,GEELONG,2,UPTOWN LUCY,13,MITCHELL AITKEN,THOMAS SADLER,0.0,,1143,4Y+MSW,GOOD3,FINE,15
2023-01-13,GEELONG,2,NEO DEL TORO,8,JORDAN CHILDS,MITCHELL FREEDMAN,61.0,,1143,4Y+MSW,GOOD3,FINE,15
2023-01-13,GEELONG,2,SURELY SPECIAL,10,ALANA KELLY,SIMONE FERCHIE,101.0,,1143,4Y+MSW,GOOD3,FINE,15
2023-01-13,GEELONG,2,CHEEKY KEVIN,7,WILL GORDON,BRETT SCOTT,151.0,,1143,4Y+MSW,GOOD3,FINE,15
2023-01-13,GEELONG,2,ASTRID'S COMET,15,NOT NOTIFIED,STEPHEN LENEHAN,1.01,,1143,4Y+MSW,GOOD3,FINE,15
2023-01-13,GEELONG,3,NAUGHTY NIGE,10,NEIL FARLEY,ANDREW NOBLET,41.0,,1343,MDN-SW,GOOD3,FINE,15
2023-01-13,GEELONG,3,AGENT OLLIE,11,JOHN ALLEN,THOMAS CARBERRY,11.0,3.0,1343,MDN-SW,GOOD3,FINE,15
2023-01-13,GEELONG,3,BOLD REBEL,12,JOSH CARTWRIGHT,MADDIE RAYMOND,10.0,,1343,MDN-SW,GOOD3,FINE,15
2023-01-13,GEELONG,3,FLY LIE,3,JORDAN CHILDS,MITCHELL FREEDMAN,17.0,,1343,MDN-SW,GOOD3,FINE,15
2023-01-13,GEELONG,3,HIGHLAND FALCON,2,DANIEL MOOR,PHILLIP STOKES,4.0,2.0,1343,MDN-SW,GOOD3,FINE,15
2023-01-13,GEELONG,3,ROAM AROUND,1,DAMIEN OLIVER,"MICHAEL, WAYNE & JOHN HAWKES",4.6,4.0,1343,MDN-SW,GOOD3,FINE,15
2023-01-13,GEELONG,3,ZASCEED,5,WILL GORDON,JASON WARREN,5.0,,1343,MDN-SW,GOOD3,FINE,15
2023-01-13,GEELONG,3,AMERICAIN HEART,7,TAHLIA HOPE,MITCHELL FREEDMAN,23.0,,1343,MDN-SW,GOOD3,FINE,15
2023-01-13,GEELONG,3,MOORUNDA DAWN,6,JACK HILL,JAMIE EDWARDS,126.0,,1343,MDN-SW,GOOD3,FINE,15
2023-01-13,GEELONG,3,PRICELESS,4,JYE MCNEIL,LEON & TROY CORSTENS,3.8,,1343,MDN-SW,GOOD3,FINE,15
2023-01-13,GEELONG,3,VALLENCOURT,8,MADDI PRICE,MICHAEL SHEPHERDSON,21.0,1.0,1343,MDN-SW,GOOD3,FINE,15
2023-01-13,GEELONG,3,OUR DUKE,9,JAKE NOONAN,SHAY KEATING,126.0,,1343,MDN-SW,GOOD3,FINE,15
2023-01-13,GEELONG,3,WHIZ BY,11,DEAN HOLLAND,AMY & ASH YARGI,1.01,,1343,MDN-SW,GOOD3,FINE,15
2023-01-13,GEELONG,3,MONTARI,5,STAN TSAIKOS,DARYL CANNON,1.01,,1343,MDN-SW,GOOD3,FINE,15
2023-01-13,GEELONG,3,RAVERA,13,DAMIEN THORNTON,SIMON ZAHRA,1.01,,1343,MDN-SW,GOOD3,FINE,15
2023-01-13,GEELONG,4,DELCOFF,11,TAHLIA HOPE,MARK GREIG,0.0,,2265,3Y+MSW,GOOD3,FINE,12
2023-01-13,GEELONG,4,DEVILEARS,9,JAKE NOONAN,JAMIE EDWARDS,51.0,,2265,3Y+MSW,GOOD3,FINE,12
2023-01-13,GEELONG,4,GENTACHEEVA,5,ALANA KELLY,KELVIN BOURKE,26.0,,2265,3Y+MSW,GOOD3,FINE,12
2023-01-13,GEELONG,4,JAJA DING DONG,2,WILL GORDON,MATT CUMANI,34.0,,2265,3Y+MSW,GOOD3,FINE,12
2023-01-13,GEELONG,4,NEEDSANAME,10,HARRY GRACE,SIMON RYAN,10.0,1.0,2265,3Y+MSW,GOOD3,FINE,12
2023-01-13,GEELONG,4,PERMUTATION,11,JORDAN CHILDS,PAUL PREUSKER,1.55,4.0,2265,3Y+MSW,GOOD3,FINE,12
2023-01-13,GEELONG,4,SCRAMBLER,7,JACK HILL,BRETT SCOTT,18.0,2.0,2265,3Y+MSW,GOOD3,FINE,12
2023-01-13,GEELONG,4,YANKEE BANNER,3,DEAN HOLLAND,MICHAEL TOWNSEND,126.0,,2265,3Y+MSW,GOOD3,FINE,12
2023-01-13,GEELONG,4,YANKEE ZULU,6,JOSH CARTWRIGHT,ANDREW BOBBIN,5.0,,2265,3Y+MSW,GOOD3,FINE,12
2023-01-13,GEELONG,4,CERES MIST,1,HARRY COFFEY,STEPHEN LENEHAN,71.0,,2265,3Y+MSW,GOOD3,FINE,12
2023-01-13,GEELONG,4,COSMIC EVENT,4,TOM MADDEN,AARON PURCELL,23.0,3.0,2265,3Y+MSW,GOOD3,FINE,12
2023-01-13,GEELONG,4,SUPERTREMENDOUS,8,JOHN ALLEN,PAUL PREUSKER,14.0,,2265,3Y+MSW,GOOD3,FINE,12
2023-01-13,GEELONG,5,DIRT ON HARRY,3,HARRY COFFEY,ANDREW BOBBIN,2.8,3.0,2265,BM-58,GOOD3,FINE,9
2023-01-13,GEELONG,5,SET US FREE,1,HARRY GRACE,ROB BLACKER,19.0,,2265,BM-58,GOOD3,FINE,9
2023-01-13,GEELONG,5,HALCYON EAST,5,NEIL FARLEY,DAN O'SULLIVAN,5.5,,2265,BM-58,GOOD3,FINE,9
2023-01-13,GEELONG,5,MURRAY FACTOR,5,JAKE NOONAN,PAUL PREUSKER,5.0,,2265,BM-58,GOOD3,FINE,9
2023-01-13,GEELONG,5,SUNDAY BUZZ,2,JOSH CARTWRIGHT,SYMON WILDE,6.0,2.0,2265,BM-58,GOOD3,FINE,9
2023-01-13,GEELONG,5,PREFER US,4,MITCHELL AITKEN,TONY & CALVIN MCEVOY,5.0,,2265,BM-58,GOOD3,FINE,9
2023-01-13,GEELONG,5,SASSOLINO,4,DANIEL STACKHOUSE,MICHAEL MORONEY,3.6,1.0,2265,BM-58,GOOD3,FINE,9
2023-01-13,GEELONG,5,BOTCHED,6,JOE BOWDITCH,LLOYD KENNEWELL,13.0,,2265,BM-58,GOOD3,FINE,9
2023-01-13,GEELONG,5,ABERLADY,7,CRAIG NEWITT,ANDREW HOMANN,9.5,4.0,2265,BM-58,GOOD3,FINE,9
2023-01-13,GEELONG,6,THE LAST NAPOLEON,5,STEVEN VELLA,KYLIE VELLA,6.0,1.0,1143,R-64,GOOD3,FINE,13
2023-01-13,GEELONG,6,ELMORE LAD,1,NEIL FARLEY,HENRY DWYER,51.0,,1143,R-64,GOOD3,FINE,13
2023-01-13,GEELONG,6,BROADWAY LANE,6,JORDAN CHILDS,MITCHELL FREEDMAN,21.0,,1143,R-64,GOOD3,FINE,13
2023-01-13,GEELONG,6,TOOMPINE,12,CRAIG NEWITT,JASON WARREN,21.0,,1143,R-64,GOOD3,FINE,13
2023-01-13,GEELONG,6,PALAGGIO,5,LINDA MEECH,CIARON MAHER & DAVID EUSTACE,4.2,,1143,R-64,GOOD3,FINE,13
2023-01-13,GEELONG,6,WATER BOMBER,8,DEAN HOLLAND,MICK PRICE & MICHAEL KENT (JNR),5.0,2.0,1143,R-64,GOOD3,FINE,13
2023-01-13,GEELONG,6,THE BRILL BUILDING,11,DANIEL MOOR,PHILLIP STOKES,6.5,,1143,R-64,GOOD3,FINE,13
2023-01-13,GEELONG,6,MISS TITELINE,4,JOHN ALLEN,CIARON MAHER & DAVID EUSTACE,10.0,3.0,1143,R-64,GOOD3,FINE,13
2023-01-13,GEELONG,6,STARLEA,7,DAMIEN OLIVER,MATHEW ELLERTON,1.7,4.0,1143,R-64,GOOD3,FINE,13
2023-01-13,GEELONG,6,TANTRUMS,1,TOM MADDEN,JOHN MCARDLE,5.5,,1143,R-64,GOOD3,FINE,13
2023-01-13,GEELONG,6,TAN TAT MAGIC,9,DEAN HOLLAND,GAVIN BEDGGOOD,26.0,,1143,R-64,GOOD3,FINE,13
2023-01-13,GEELONG,6,REYNAIRE,2,DANIEL STACKHOUSE,JASON WARREN,34.0,,1143,R-64,GOOD3,FINE,13
2023-01-13,GEELONG,6,NIGHTSTICK,3,MITCHELL AITKEN,HENRY DWYER,17.0,,1143,R-64,GOOD3,FINE,13
2023-01-13,GEELONG,7,LEGIONNAIRE,1,SHANAE O'MEARA,JOHN MOLONEY,4.6,1.0,1343,BM-58,GOOD3,FINE,14
2023-01-13,GEELONG,7,HILLCREST MOSES,9,JOHN ALLEN,MATT LAURIE,6.0,3.0,1343,BM-58,GOOD3,FINE,14
2023-01-13,GEELONG,7,CAPTAIN ROGERS,14,DANIEL STACKHOUSE,LEON & TROY CORSTENS,10.0,,1343,BM-58,GOOD3,FINE,14
2023-01-13,GEELONG,7,ROCK DEE JAY,6,MITCHELL AITKEN,HENRY DWYER,14.0,4.0,1343,BM-58,GOOD3,FINE,14
2023-01-13,GEELONG,7,CHOSEN MISS,2,DEAN HOLLAND,SYMON WILDE,3.8,,1343,BM-58,GOOD3,FINE,14
2023-01-13,GEELONG,7,COLD ONE,13,RHYS MCLEOD,CARLO VIDOTTO & CLAY BEASY,6.5,,1343,BM-58,GOOD3,FINE,14
2023-01-13,GEELONG,7,MANNERIM MISS,4,ALANA KELLY,BEN O'FARRELL,6.0,,1343,BM-58,GOOD3,FINE,14
2023-01-13,GEELONG,7,KARATEMISS,10,JACK HILL,MATHEW ELLERTON,9.5,2.0,1343,BM-58,GOOD3,FINE,14
2023-01-13,GEELONG,7,AUTUMN ROSE,6,JACK HILL,JOHN MCARDLE,8.5,,1343,BM-58,GOOD3,FINE,14
2023-01-13,GEELONG,7,KITANLAD,5,JOSH CARTWRIGHT,VINCENT MALADY,23.0,,1343,BM-58,GOOD3,FINE,14
2023-01-13,GEELONG,7,ROYAL SIGNAL,3,JAKE DUFFY,WENDY KELLY,9.0,,1343,BM-58,GOOD3,FINE,14
2023-01-13,GEELONG,7,ONEHUNDRED PERCENT,3,TOM MADDEN,ANDREW HOMANN,1.01,,1343,BM-58,GOOD3,FINE,14
2023-01-13,GEELONG,7,RIPPA BUZZ,7,TAHLIA HOPE,DARYL CANNON,26.0,,1343,BM-58,GOOD3,FINE,14
2023-01-13,GEELONG,7,ROYAL GUN SALUTE,8,HANNAH LE BLANC,EMMA FOUCHARD,101.0,,1343,BM-58,GOOD3,FINE,14
2023-01-13,GEELONG,8,ULAN,11,RYAN HOUSTON,ANDREW BOBBIN,0.0,,1543,BM-58,GOOD3,FINE,15
2023-01-13,GEELONG,8,MY CHERRY ROSE,11,EMILY POZMAN,SHANE NICHOLS,16.0,4.0,1543,BM-58,GOOD3,FINE,15
2023-01-13,GEELONG,8,FRANKIE TWO ANGELS,6,JOHN ALLEN,GAVIN BEDGGOOD,4.0,2.0,1543,BM-58,GOOD3,FINE,15
2023-01-13,GEELONG,8,RIVALDO,7,JACK HILL,DWAYNE REID,19.0,,1543,BM-58,GOOD3,FINE,15
2023-01-13,GEELONG,8,THE UNTACKLABULL,10,JOSH CARTWRIGHT,CHRIS CALTHORPE,81.0,3.0,1543,BM-58,GOOD3,FINE,15
2023-01-13,GEELONG,8,LORD GOLDBERG,3,HARRY COFFEY,ANDREW BOBBIN,21.0,,1543,BM-58,GOOD3,FINE,15
2023-01-13,GEELONG,8,HEAVENLY EAGLE,12,DANIEL STACKHOUSE,STEPHEN BROWN,0.0,,1543,BM-58,GOOD3,FINE,15
2023-01-13,GEELONG,8,JUDICIARY,1,JOE BOWDITCH,PATRICK KEANE,5.0,,1543,BM-58,GOOD3,FINE,15
2023-01-13,GEELONG,8,SURIN BEACH,9,NEIL FARLEY,SHANE FLIEDNER,5.5,,1543,BM-58,GOOD3,FINE,15
2023-01-13,GEELONG,8,GRABLE,2,JAKE NOONAN,JAMIE EDWARDS,19.0,,1543,BM-58,GOOD3,FINE,15
2023-01-13,GEELONG,8,NURSERY CHIME,8,JORDAN CHILDS,LLOYD KENNEWELL,4.6,,1543,BM-58,GOOD3,FINE,15
2023-01-13,GEELONG,8,ANDAI STEPPES,4,ALANA KELLY,BRIAN LAWLOR,126.0,,1543,BM-58,GOOD3,FINE,15
2023-01-13,GEELONG,8,CAILLOUX,5,DEAN HOLLAND,MATT CUMANI,7.5,1.0,1543,BM-58,GOOD3,FINE,15
2023-01-13,GEELONG,8,MY PRINCE CHARMING,8,TOM MADDEN,ANDREW HOMANN,1.01,,1543,BM-58,GOOD3,FINE,15
2023-01-13,GEELONG,8,POUVOIR DE SOIE,3,NOT NOTIFIED,LLOYD KENNEWELL,1.01,,1543,BM-58,GOOD3,FINE,15
2023-01-13,TOWNSVILLE,1,ENUFF GOLD,4,FRANK EDWARDS,BONNIE THOMSON,3.3,,1300,MAIDEN,HVY8,SHWRY,8
2023-01-13,TOWNSVILLE,1,LORD PROPHET,5,LACEY MORRISON,TREVOR & PETER ROWE,9.0,,1300,MAIDEN,HVY8,SHWRY,8
2023-01-13,TOWNSVILLE,1,SHEZABLAST,2,RYAN WIGGINS,CHRIS ANDERSON,2.6,2.0,1300,MAIDEN,HVY8,SHWRY,8
2023-01-13,TOWNSVILLE,1,FINE IMPACT,7,JASON TAYLOR,FRED WIELAND,10.0,1.0,1300,MAIDEN,HVY8,SHWRY,8
2023-01-13,TOWNSVILLE,1,SEA STITCH,1,PIETRO ROMEO,DAVID REYNOLDS,4.6,3.0,1300,MAIDEN,HVY8,SHWRY,8
2023-01-13,TOWNSVILLE,1,DEEP THRILLZ,6,KRYSTEN SWAFFER,SHRYN ROYES,81.0,,1300,MAIDEN,HVY8,SHWRY,8
2023-01-13,TOWNSVILLE,1,ECHELON MAGIC,3,DENICIOUS SMITH,BEN WILLIAMS,13.0,4.0,1300,MAIDEN,HVY8,SHWRY,8
2023-01-13,TOWNSVILLE,1,MISHANI PATRIOT,6,NICOLE SEYMOUR,TRACY SIMMONS,9.5,,1300,MAIDEN,HVY8,SHWRY,8
2023-01-13,TOWNSVILLE,2,HEY BULL,10,CARL SPRY,SARAH ACORNLEY,61.0,,1000,2Y-MDN,HVY8,SHWRY,10
2023-01-13,TOWNSVILLE,2,OUTBACK STEP,5,RYAN WIGGINS,BEVAN JOHNSON,5.0,,1000,2Y-MDN,HVY8,SHWRY,10
2023-01-13,TOWNSVILLE,2,THE BISHOP,3,ISABELLA TEH,SARAH ACORNLEY,10.0,3.0,1000,2Y-MDN,HVY8,SHWRY,10
2023-01-13,TOWNSVILLE,2,THE MANIPULATOR,2,SCOTT SHEARGOLD,SARAH ACORNLEY,17.0,,1000,2Y-MDN,HVY8,SHWRY,10
2023-01-13,TOWNSVILLE,2,TURN BIRD,5,JASON TAYLOR,ROY CHILLEMI,3.7,4.0,1000,2Y-MDN,HVY8,SHWRY,10
2023-01-13,TOWNSVILLE,2,JUST JONESY,6,KRYSTEN SWAFFER,TREVOR & PETER ROWE,31.0,,1000,2Y-MDN,HVY8,SHWRY,10
2023-01-13,TOWNSVILLE,2,AXONE,1,RACHEL SHRED,ROY CHILLEMI,2.5,,1000,2Y-MDN,HVY8,SHWRY,10
2023-01-13,TOWNSVILLE,2,CRAICARO,8,PIETRO ROMEO,PETER CULLEN,19.0,1.0,1000,2Y-MDN,HVY8,SHWRY,10
2023-01-13,TOWNSVILLE,2,GABBY'S READY,7,DENICIOUS SMITH,MATTHEW MCGUIRE,11.0,2.0,1000,2Y-MDN,HVY8,SHWRY,10
2023-01-13,TOWNSVILLE,2,SHIHO,4,LACEY MORRISON,TREVOR & PETER ROWE,4.8,,1000,2Y-MDN,HVY8,SHWRY,10
2023-01-13,TOWNSVILLE,3,FODOR,9,NATHAN DAY,STEPHEN MASSINGHAM,9.0,2.0,1000,3YO,HVY8,SHWRY,9
2023-01-13,TOWNSVILLE,3,GLAMBORGINI,7,RYAN WIGGINS,CHRIS ANDERSON,2.8,1.0,1000,3YO,HVY8,SHWRY,9
2023-01-13,TOWNSVILLE,3,OUR ADDICTION,2,DENICIOUS SMITH,BEN WILLIAMS,8.0,,1000,3YO,HVY8,SHWRY,9
2023-01-13,TOWNSVILLE,3,ADAMINABY,6,BONNIE THOMSON,RODNEY MILLER,13.0,,1000,3YO,HVY8,SHWRY,9
2023-01-13,TOWNSVILLE,3,ARTIE'S LAD,5,JASON TAYLOR,FRED WIELAND,13.0,3.0,1000,3YO,HVY8,SHWRY,9
2023-01-13,TOWNSVILLE,3,FREDDY BARBAROSSA,4,CARL SPRY,LILIANA MCCORMACK,21.0,,1000,3YO,HVY8,SHWRY,9
2023-01-13,TOWNSVILLE,3,WICKED CHANCE,8,JACKSON MURPHY,GEORGIE HOLT,11.0,4.0,1000,3YO,HVY8,SHWRY,9
2023-01-13,TOWNSVILLE,3,BABY GUINNESS,1,LACEY MORRISON,LINDSAY HATCH,3.2,,1000,3YO,HVY8,SHWRY,9
2023-01-13,TOWNSVILLE,3,LORD POWER,3,KRYSTEN SWAFFER,TREVOR & PETER ROWE,101.0,,1000,3YO,HVY8,SHWRY,9
2023-01-13,TOWNSVILLE,4,SNAP CHAT,4,BONNIE THOMSON,RALPH BAKER,6.0,3.0,1200,R-55,HVY8,SHWRY,11
2023-01-13,TOWNSVILLE,4,ANSELMO,10,LACEY MORRISON,TROY CLIVE,1.85,,1200,R-55,HVY8,SHWRY,11
2023-01-13,TOWNSVILLE,4,ZOOMARATTA,5,CHRIS WHITELEY,SHRYN ROYES,26.0,4.0,1200,R-55,HVY8,SHWRY,11
2023-01-13,TOWNSVILLE,4,BRAVIO,1,RYAN WIGGINS,MICHAEL GEANEY,12.0,2.0,1200,R-55,HVY8,SHWRY,11
2023-01-13,TOWNSVILLE,4,DUBAI EAGLE,3,MARNU POTGIETER,JOANNA HASSETT,19.0,,1200,R-55,HVY8,SHWRY,11
2023-01-13,TOWNSVILLE,4,KITTYKITTYBANGBANG,7,JACKSON MURPHY,MATTHEW MCGUIRE,34.0,,1200,R-55,HVY8,SHWRY,11
2023-01-13,TOWNSVILLE,4,MACH SEVEN,8,KRYSTEN SWAFFER,TREVOR & PETER ROWE,6.5,,1200,R-55,HVY8,SHWRY,11
2023-01-13,TOWNSVILLE,4,RISK IN ROME,7,NOT NOTIFIED,LINDSAY HATCH,0.0,,1200,R-55,HVY8,SHWRY,11
2023-01-13,TOWNSVILLE,4,FOREVEREDE,9,DENICIOUS SMITH,STEPHEN BUSH,126.0,,1200,R-55,HVY8,SHWRY,11
2023-01-13,TOWNSVILLE,4,CAT IN THE RAINE,6,NATHAN THOMAS,DARBY AMOS,23.0,1.0,1200,R-55,HVY8,SHWRY,11
2023-01-13,TOWNSVILLE,4,SERENATA,2,JASON TAYLOR,ALBY MOLINO,9.5,,1200,R-55,HVY8,SHWRY,11
2023-01-13,TOWNSVILLE,5,AIR LIFTED,7,NICOLE SEYMOUR,TRACY SIMMONS,13.0,,1200,R-55,HVY8,SHWRY,12
2023-01-13,TOWNSVILLE,5,ALWAYS WRITTEN OFF,12,NATHAN DAY,ALEX MALLIFF,0.0,,1200,R-55,HVY8,SHWRY,12
2023-01-13,TOWNSVILLE,5,GLORIOUS EXPRESS,6,RYAN WIGGINS,STEPHEN MASSINGHAM,5.5,1.0,1200,R-55,HVY8,SHWRY,12
2023-01-13,TOWNSVILLE,5,BROADWATER,7,CHRIS WHITELEY,DARBY AMOS,21.0,3.0,1200,R-55,HVY8,SHWRY,12
2023-01-13,TOWNSVILLE,5,COURTING SARA,3,BONNIE THOMSON,ALBY MOLINO,3.5,,1200,R-55,HVY8,SHWRY,12
2023-01-13,TOWNSVILLE,5,DALBERGIA,2,NATHAN THOMAS,SHRYN ROYES,151.0,,1200,R-55,HVY8,SHWRY,12
2023-01-13,TOWNSVILLE,5,ALITA,8,PIETRO ROMEO,DAVID REYNOLDS,23.0,4.0,1200,R-55,HVY8,SHWRY,12
2023-01-13,TOWNSVILLE,5,PRINCE SHUVEE,5,JASON TAYLOR,FRED WIELAND,12.0,,1200,R-55,HVY8,SHWRY,12
2023-01-13,TOWNSVILLE,5,WELL CHARRED,9,SCOTT SHEARGOLD,JIM FOGARTY,34.0,,1200,R-55,HVY8,SHWRY,12
2023-01-13,TOWNSVILLE,5,ON YOUR SKATES,10,LACEY MORRISON,ERROL SEWELL,34.0,,1200,R-55,HVY8,SHWRY,12
2023-01-13,TOWNSVILLE,5,FILLY SLATER,1,MARNU POTGIETER,KRYSTIN ALLENDER,15.0,,1200,R-55,HVY8,SHWRY,12
2023-01-13,TOWNSVILLE,5,LIGHTHEADEDNESS,4,ISABELLA TEH,PETER CULLEN,2.3,2.0,1200,R-55,HVY8,SHWRY,12
2023-01-13,TOWNSVILLE,6,MUIRON,6,PIETRO ROMEO,DAVID REYNOLDS,61.0,,1300,OPEN,HVY8,SHWRY,9
2023-01-13,TOWNSVILLE,6,INCHING CLOSER,5,JASON TAYLOR,KRYSTIN ALLENDER,5.0,1.0,1300,OPEN,HVY8,SHWRY,9
2023-01-13,TOWNSVILLE,6,BONDI BEAU,1,LACEY MORRISON,LINDSAY HATCH,2.8,,1300,OPEN,HVY8,SHWRY,9
2023-01-13,TOWNSVILLE,6,DUNATUN,8,NATHAN DAY,STEPHEN MASSINGHAM,3.5,2.0,1300,OPEN,HVY8,SHWRY,9
2023-01-13,TOWNSVILLE,6,ZEPPELIN,4,SCOTT SHEARGOLD,LINDSAY HATCH,15.0,,1300,OPEN,HVY8,SHWRY,9
2023-01-13,TOWNSVILLE,6,BREAK MY STRIDE,7,DENICIOUS SMITH,BEN WILLIAMS,8.5,,1300,OPEN,HVY8,SHWRY,9
2023-01-13,TOWNSVILLE,6,HIT SNOOZE,3,JACKSON MURPHY,GEORGIE HOLT,9.5,3.0,1300,OPEN,HVY8,SHWRY,9
2023-01-13,TOWNSVILLE,6,BUSTER BLOCK,2,KRYSTEN SWAFFER,PETER CULLEN,17.0,4.0,1300,OPEN,HVY8,SHWRY,9
2023-01-13,TOWNSVILLE,6,SEA ECHO,2,ISABELLA TEH,DAVID REYNOLDS,61.0,,1300,OPEN,HVY8,SHWRY,9
2023-01-13,TOWNSVILLE,7,PICTON,4,FRANK EDWARDS,STEPHEN BUSH,5.5,,1400,BM-58,HVY8,SHWRY,10
2023-01-13,TOWNSVILLE,7,JOURNEY OF SONG,7,RYAN WIGGINS,STEPHEN MASSINGHAM,3.8,,1400,BM-58,HVY8,SHWRY,10
2023-01-13,TOWNSVILLE,7,PLUCKERCARN,2,LACEY MORRISON,TROY CLIVE,6.0,1.0,1400,BM-58,HVY8,SHWRY,10
2023-01-13,TOWNSVILLE,7,ANNIEMARIAH,8,NATHAN DAY,GEORGIE HOLT,3.2,,1400,BM-58,HVY8,SHWRY,10
2023-01-13,TOWNSVILLE,7,FEMALE OFFICER,3,CHRIS WHITELEY,ALWYN BAILEY,9.5,4.0,1400,BM-58,HVY8,SHWRY,10
2023-01-13,TOWNSVILLE,7,CIAO BICKY,6,JACKSON MURPHY,GEORGIE HOLT,10.0,2.0,1400,BM-58,HVY8,SHWRY,10
2023-01-13,TOWNSVILLE,7,COURTING SARA,8,BONNIE THOMSON,ALBY MOLINO,0.0,,1400,BM-58,HVY8,SHWRY,10
2023-01-13,TOWNSVILLE,7,RISK IN ROME,1,SCOTT SHEARGOLD,LINDSAY HATCH,23.0,,1400,BM-58,HVY8,SHWRY,10
2023-01-13,TOWNSVILLE,7,TICTOC TICTOC,5,KRYSTEN SWAFFER,TREVOR & PETER ROWE,23.0,3.0,1400,BM-58,HVY8,SHWRY,10
2023-01-13,TOWNSVILLE,7,SERENATA,10,NOT NOTIFIED,ALBY MOLINO,0.0,,1400,BM-58,HVY8,SHWRY,10
2023-01-13,TOWNSVILLE,8,KISS ME LATER,7,JASON TAYLOR,BEN WILLIAMS,34.0,,1000,CL6-SW,HVY8,SHWRY,13
2023-01-13,TOWNSVILLE,8,RIGEL,13,CHRIS WHITELEY,STEPHEN MASSINGHAM,51.0,,1000,CL6-SW,HVY8,SHWRY,13
2023-01-13,TOWNSVILLE,8,TEST OF WAR,1,MARNU POTGIETER,JOHN HEELAN,151.0,4.0,1000,CL6-SW,HVY8,SHWRY,13
2023-01-13,TOWNSVILLE,8,TRAVERS,11,PIETRO ROMEO,BEN WILLIAMS,151.0,,1000,CL6-SW,HVY8,SHWRY,13
2023-01-13,TOWNSVILLE,8,KEFALONIA,4,JACKSON MURPHY,LINDSAY HATCH,51.0,,1000,CL6-SW,HVY8,SHWRY,13
2023-01-13,TOWNSVILLE,8,RAISE DA VIBRATION,10,NATHAN DAY,GEORGIE HOLT,8.5,,1000,CL6-SW,HVY8,SHWRY,13
2023-01-13,TOWNSVILLE,8,RUBY JULY,5,CARL SPRY,MICHAEL LEE,4.8,1.0,1000,CL6-SW,HVY8,SHWRY,13
2023-01-13,TOWNSVILLE,8,ENDORSE,9,RYAN WIGGINS,STEPHEN MASSINGHAM,7.5,,1000,CL6-SW,HVY8,SHWRY,13
2023-01-13,TOWNSVILLE,8,THERESABEARINTHERE,8,SCOTT SHEARGOLD,KELLY SHEARGOLD,31.0,,1000,CL6-SW,HVY8,SHWRY,13
2023-01-13,TOWNSVILLE,8,PROXIMATE CAUSE,2,NATHAN THOMAS,GARRY DICKSON,6.0,,1000,CL6-SW,HVY8,SHWRY,13
2023-01-13,TOWNSVILLE,8,WANNA TWEET,6,LACEY MORRISON,GRAHAM HUGHES,3.3,2.0,1000,CL6-SW,HVY8,SHWRY,13
2023-01-13,TOWNSVILLE,8,SPLENDARAMA,12,ISABELLA TEH,ERROL SEWELL,151.0,,1000,CL6-SW,HVY8,SHWRY,13
2023-01-13,TOWNSVILLE,8,STIFLING,3,KRYSTEN SWAFFER,ALWYN BAILEY,5.5,3.0,1000,CL6-SW,HVY8,SHWRY,13
2023-01-13,TOWNSVILLE,9,SOUTHERN SWING,11,KRYSTEN SWAFFER,TREVOR & PETER ROWE,0.0,,1609,BM-65,HVY8,SHWRY,12
2023-01-13,TOWNSVILLE,9,BREAKDANCE,5,MARNU POTGIETER,SHRYN ROYES,51.0,,1609,BM-65,HVY8,SHWRY,12
2023-01-13,TOWNSVILLE,9,STYLE SEEKER,7,RYAN WIGGINS,STEPHEN MASSINGHAM,5.0,2.0,1609,BM-65,HVY8,SHWRY,12
2023-01-13,TOWNSVILLE,9,FINGERTIPS,9,DENICIOUS SMITH,MATTHEW MCGUIRE,71.0,,1609,BM-65,HVY8,SHWRY,12
2023-01-13,TOWNSVILLE,9,MCNAIR,4,CARL SPRY,GRAHAM HUGHES,5.5,,1609,BM-65,HVY8,SHWRY,12
2023-01-13,TOWNSVILLE,9,ARISE MY SON,1,LACEY MORRISON,SHARLEE HOFFMAN,3.5,4.0,1609,BM-65,HVY8,SHWRY,12
2023-01-13,TOWNSVILLE,9,CONQUERING JUDAS,8,ISABELLA TEH,GRAHAM HUGHES,9.5,,1609,BM-65,HVY8,SHWRY,12
2023-01-13,TOWNSVILLE,9,SIDE HUSTLE,11,SCOTT SHEARGOLD,LINDSAY HATCH,12.0,,1609,BM-65,HVY8,SHWRY,12
2023-01-13,TOWNSVILLE,9,MEMBERS ONLY,10,JASON TAYLOR,SHARLEE HOFFMAN,7.5,,1609,BM-65,HVY8,SHWRY,12
2023-01-13,TOWNSVILLE,9,GAIUS JULIUS,2,PIETRO ROMEO,DAVID REYNOLDS,21.0,3.0,1609,BM-65,HVY8,SHWRY,12
2023-01-13,TOWNSVILLE,9,MT PETER MISS,6,CHRIS WHITELEY,ALWYN BAILEY,12.0,1.0,1609,BM-65,HVY8,SHWRY,12
2023-01-13,TOWNSVILLE,9,FORSETI,3,JACKSON MURPHY,GEORGIE HOLT,17.0,,1609,BM-65,HVY8,SHWRY,12
2023-01-13,ESPERANCE,1,WATTO'S FURY,1,BRAYDEN GAERTH,ROD BROWN,4.2,2.0,1200,MIN-64,GOOD4,FINE,6
2023-01-13,ESPERANCE,1,SAUVEGARDE,2,VICTORIA CORVER,HELEN HARDING,3.9,4.0,1200,MIN-64,GOOD4,FINE,6
2023-01-13,ESPERANCE,1,BALLADEER,3,CASSEY MARTINAN,NEIL DELLAR,3.6,1.0,1200,MIN-64,GOOD4,FINE,6
2023-01-13,ESPERANCE,1,COUNTER DRIVE,5,KESHAW DHURUN,TRACEY FRIZZELL,4.0,,1200,MIN-64,GOOD4,FINE,6
2023-01-13,ESPERANCE,1,ANY GIVEN TIME,6,BRANDON LOUIS,TROY MAHOOD,71.0,,1200,MIN-64,GOOD4,FINE,6
2023-01-13,ESPERANCE,1,SALVARA,4,JERRY NOSKE,ROD BROWN,7.5,3.0,1200,MIN-64,GOOD4,FINE,6
2023-01-13,ESPERANCE,2,KING OF THE JIVE,9,COLIN HADDON,PAUL TAPPER,51.0,,1300,2Y+MSW,GOOD4,FINE,12
2023-01-13,ESPERANCE,2,MR KOHANA,3,JERRY NOSKE,ROD BROWN,4.4,2.0,1300,2Y+MSW,GOOD4,FINE,12
2023-01-13,ESPERANCE,2,THE TRUE KING,4,PETA EDWARDS,PAUL TAPPER,19.0,,1300,2Y+MSW,GOOD4,FINE,12
2023-01-13,ESPERANCE,2,FAULT,5,KYRA YUILL,FIONA J SCOTT,9.0,,1300,2Y+MSW,GOOD4,FINE,12
2023-01-13,ESPERANCE,2,SILVER FLYER,7,NATASHA FAITHFULL,DAVID HARRISON,2.0,4.0,1300,2Y+MSW,GOOD4,FINE,12
2023-01-13,ESPERANCE,2,PASSION FOR WAR,2,KATE WITTEN,JEFF EELES,151.0,,1300,2Y+MSW,GOOD4,FINE,12
2023-01-13,ESPERANCE,2,SUNTINO,10,BRANDON LOUIS,TROY MAHOOD,71.0,,1300,2Y+MSW,GOOD4,FINE,12
2023-01-13,ESPERANCE,2,AMERICAN RACER,5,LISA STAPLES,JOANNA OFFEN,41.0,,1300,2Y+MSW,GOOD4,FINE,12
2023-01-13,ESPERANCE,2,ISHINCA VIEW,6,KESHAW DHURUN,HELEN HARDING,16.0,3.0,1300,2Y+MSW,GOOD4,FINE,12
2023-01-13,ESPERANCE,2,LUCKY FOO FOO,11,VICTORIA CORVER,HELEN HARDING,5.5,1.0,1300,2Y+MSW,GOOD4,FINE,12
2023-01-13,ESPERANCE,2,CHARMM,1,SIMONE ALTIERI,RICKY MOSS,101.0,,1300,2Y+MSW,GOOD4,FINE,12
2023-01-13,ESPERANCE,2,MISS MAGGIE MAY,8,JESSICA VALENTI,RICKY MOSS,21.0,,1300,2Y+MSW,GOOD4,FINE,12
2023-01-13,ESPERANCE,3,EXILE TED,5,COLIN HADDON,COLIN HADDON,9.5,,1100,2Y+MSW,GOOD4,FINE,12
2023-01-13,ESPERANCE,3,JERICHO'S ECHO,12,BRANDON LOUIS,JOANNA OFFEN,13.0,,1100,2Y+MSW,GOOD4,FINE,12
2023-01-13,ESPERANCE,3,MADRASS,9,JESSICA VALENTI,MELDA DANIELS,81.0,,1100,2Y+MSW,GOOD4,FINE,12
2023-01-13,ESPERANCE,3,LOST SMILE,2,KYRA YUILL,FIONA J SCOTT,8.0,4.0,1100,2Y+MSW,GOOD4,FINE,12
2023-01-13,ESPERANCE,3,GATE CRACKER,6,PETA EDWARDS,PAUL TAPPER,34.0,,1100,2Y+MSW,GOOD4,FINE,12
2023-01-13,ESPERANCE,3,SILVER SAX,7,KATE WITTEN,BRUCE HYDE,17.0,2.0,1100,2Y+MSW,GOOD4,FINE,12
2023-01-13,ESPERANCE,3,GINGER'S SECRET,11,SIMONE ALTIERI,GEORGIA GRANT,26.0,,1100,2Y+MSW,GOOD4,FINE,12
2023-01-13,ESPERANCE,3,OAKWOOD,8,BRAYDEN GAERTH,TRACEY FRIZZELL,7.0,,1100,2Y+MSW,GOOD4,FINE,12
2023-01-13,ESPERANCE,3,HOTORIO,3,NATASHA FAITHFULL,DAVID HARRISON,1.55,1.0,1100,2Y+MSW,GOOD4,FINE,12
2023-01-13,ESPERANCE,3,GOSPEL BLUES,4,JERRY NOSKE,RICKY MOSS,26.0,,1100,2Y+MSW,GOOD4,FINE,12
2023-01-13,ESPERANCE,3,LIKE HER A LOT,1,VICTORIA CORVER,HELEN HARDING,34.0,,1100,2Y+MSW,GOOD4,FINE,12
2023-01-13,ESPERANCE,3,SPECIAL VIRTUE,10,LISA STAPLES,RYAN HILL,41.0,3.0,1100,2Y+MSW,GOOD4,FINE,12
2023-01-13,ESPERANCE,4,BIN SHALAA,2,SIMONE ALTIERI,GEORGIA GRANT,6.0,4.0,1100,2Y+CL5,GOOD4,FINE,8
2023-01-13,ESPERANCE,4,EMERALD ROSE,3,VICTORIA CORVER,HELEN HARDING,26.0,,1100,2Y+CL5,GOOD4,FINE,8
2023-01-13,ESPERANCE,4,NODUSTONME,7,PETA EDWARDS,PAUL TAPPER,18.0,3.0,1100,2Y+CL5,GOOD4,FINE,8
2023-01-13,ESPERANCE,4,LEADING MAN,4,KYRA YUILL,FIONA J SCOTT,3.2,1.0,1100,2Y+CL5,GOOD4,FINE,8
2023-01-13,ESPERANCE,4,STARLIFT,1,TAYLA CHILDS,TREVOR TASKER,19.0,,1100,2Y+CL5,GOOD4,FINE,8
2023-01-13,ESPERANCE,4,BLAZING PASSION,6,LISA STAPLES,GARY BURGER,1.8,2.0,1100,2Y+CL5,GOOD4,FINE,8
2023-01-13,ESPERANCE,4,SNIPPIRANHA,1,KATE WITTEN,JOANNA OFFEN,23.0,,1100,2Y+CL5,GOOD4,FINE,8
2023-01-13,ESPERANCE,4,YAMATAI,5,JERRY NOSKE,GEORGIA GRANT,34.0,,1100,2Y+CL5,GOOD4,FINE,8
2023-01-13,ESPERANCE,5,SAFFIANO,3,JESSICA VALENTI,YANNICK VALENTI,5.0,2.0,1600,2Y+CL2,GOOD4,FINE,12
2023-01-13,ESPERANCE,5,HABIB,11,PETA EDWARDS,JANE HOSSELL,8.0,3.0,1600,2Y+CL2,GOOD4,FINE,12
2023-01-13,ESPERANCE,5,CHANG MAN,10,TAYLA CHILDS,TREVOR TASKER,9.0,,1600,2Y+CL2,GOOD4,FINE,12
2023-01-13,ESPERANCE,5,THEHUNTSMEN,4,NATASHA FAITHFULL,TRACEY FRIZZELL,13.0,,1600,2Y+CL2,GOOD4,FINE,12
2023-01-13,ESPERANCE,5,FRANKIE BLUE EYES,5,BRAYDEN GAERTH,JOSH BROWN,9.5,,1600,2Y+CL2,GOOD4,FINE,12
2023-01-13,ESPERANCE,5,DAWN ENIGMA,12,COLIN HADDON,PAUL TAPPER,6.0,,1600,2Y+CL2,GOOD4,FINE,12
2023-01-13,ESPERANCE,5,AMERICAN GRIN,9,KYRA YUILL,FIONA J SCOTT,21.0,,1600,2Y+CL2,GOOD4,FINE,12
2023-01-13,ESPERANCE,5,KENNY THE KING,6,BRANDON LOUIS,JOANNA OFFEN,4.4,1.0,1600,2Y+CL2,GOOD4,FINE,12
2023-01-13,ESPERANCE,5,ILZAAM,2,VICTORIA CORVER,HELEN HARDING,21.0,,1600,2Y+CL2,GOOD4,FINE,12
2023-01-13,ESPERANCE,5,ABOARD,1,JERRY NOSKE,ROD BROWN,17.0,4.0,1600,2Y+CL2,GOOD4,FINE,12
2023-01-13,ESPERANCE,5,AEECEE DAME,8,LISA STAPLES,GEORGIA GRANT,21.0,,1600,2Y+CL2,GOOD4,FINE,12
2023-01-13,ESPERANCE,5,PRINCE HAL,7,KATE WITTEN,BRUCE HYDE,71.0,,1600,2Y+CL2,GOOD4,FINE,12
2023-01-13,ESPERANCE,6,DEEL RED,8,VICTORIA CORVER,HELEN HARDING,7.5,,1400,MIN-58,GOOD4,FINE,9
2023-01-13,ESPERANCE,6,JUST STRIKING,5,COLIN HADDON,COLIN HADDON,4.4,,1400,MIN-58,GOOD4,FINE,9
2023-01-13,ESPERANCE,6,WARZACHANTZ,2,LISA STAPLES,GARY BURGER,3.1,4.0,1400,MIN-58,GOOD4,FINE,9
2023-01-13,ESPERANCE,6,ANOTHER DEMON,7,KESHAW DHURUN,HELEN HARDING,17.0,2.0,1400,MIN-58,GOOD4,FINE,9
2023-01-13,ESPERANCE,6,GALAHS DO ROAR,1,CASSEY MARTINAN,NEIL DELLAR,7.0,3.0,1400,MIN-58,GOOD4,FINE,9
2023-01-13,ESPERANCE,6,SASSATIONAL,6,JESSICA VALENTI,HELEN HARDING,10.0,,1400,MIN-58,GOOD4,FINE,9
2023-01-13,ESPERANCE,6,BABY BLUES,9,NATASHA FAITHFULL,DAVID HARRISON,4.8,1.0,1400,MIN-58,GOOD4,FINE,9
2023-01-13,ESPERANCE,6,AL DI LA,3,KATE WITTEN,RICKY MOSS,81.0,,1400,MIN-58,GOOD4,FINE,9
2023-01-13,ESPERANCE,6,AMERISSA,4,JERRY NOSKE,RICKY MOSS,51.0,,1400,MIN-58,GOOD4,FINE,9
2023-01-13,ESPERANCE,7,MARKET STRYKE,2,BRAYDEN GAERTH,JOSH BROWN,2.2,2.0,1400,MIN-58,GOOD4,FINE,10
2023-01-13,ESPERANCE,7,WATCH ME NEY NEY,8,NATASHA FAITHFULL,DAVID HARRISON,8.5,3.0,1400,MIN-58,GOOD4,FINE,10
2023-01-13,ESPERANCE,7,WHEATSTACK THIEF,9,PETA EDWARDS,JANE HOSSELL,5.5,,1400,MIN-58,GOOD4,FINE,10
2023-01-13,ESPERANCE,7,MAKFLY,1,VICTORIA CORVER,HELEN HARDING,41.0,,1400,MIN-58,GOOD4,FINE,10
2023-01-13,ESPERANCE,7,SECRET PEARL,10,COLIN HADDON,RICKY MOSS,23.0,1.0,1400,MIN-58,GOOD4,FINE,10
2023-01-13,ESPERANCE,7,WATTO'S REWARD,4,JERRY NOSKE,ROD BROWN,126.0,,1400,MIN-58,GOOD4,FINE,10
2023-01-13,ESPERANCE,7,BENTLEY'S BROTHER,6,JESSICA VALENTI,HELEN HARDING,26.0,,1400,MIN-58,GOOD4,FINE,10
2023-01-13,ESPERANCE,7,COLD AS COLD,5,KESHAW DHURUN,HELEN HARDING,13.0,,1400,MIN-58,GOOD4,FINE,10
2023-01-13,ESPERANCE,7,IRRITABLE RODNEE,7,CASSEY MARTINAN,NEIL DELLAR,4.0,4.0,1400,MIN-58,GOOD4,FINE,10
2023-01-13,ESPERANCE,7,ALL ON BLACK,3,KATE WITTEN,PAUL TAPPER,51.0,,1400,MIN-58,GOOD4,FINE,10
2023-01-13,ESPERANCE,8,GAMBLER'S GOLD,4,BRAYDEN GAERTH,YANNICK VALENTI,6.0,1.0,1200,2Y+CL2,GOOD4,FINE,11
2023-01-13,ESPERANCE,8,JACKEMJAMES,8,COLIN HADDON,COLIN HADDON,16.0,3.0,1200,2Y+CL2,GOOD4,FINE,11
2023-01-13,ESPERANCE,8,GIANCANA,5,LISA STAPLES,GARY BURGER,8.5,,1200,2Y+CL2,GOOD4,FINE,11
2023-01-13,ESPERANCE,8,SATURDAY SUN,1,NATASHA FAITHFULL,DAVID HARRISON,3.4,2.0,1200,2Y+CL2,GOOD4,FINE,11
2023-01-13,ESPERANCE,8,DAWN AMNESTY,7,TAYLA CHILDS,TRACEY FRIZZELL,4.2,4.0,1200,2Y+CL2,GOOD4,FINE,11
2023-01-13,ESPERANCE,8,VANCOUVER LAD,10,KESHAW DHURUN,HELEN HARDING,5.5,,1200,2Y+CL2,GOOD4,FINE,11
2023-01-13,ESPERANCE,8,TALK SOFTLY,9,VICTORIA CORVER,ROBERT PAYTON,34.0,,1200,2Y+CL2,GOOD4,FINE,11
2023-01-13,ESPERANCE,8,LET THE DUST FLY,3,SIMONE ALTIERI,PAUL TAPPER,34.0,,1200,2Y+CL2,GOOD4,FINE,11
2023-01-13,ESPERANCE,8,RUNYOO,9,BRANDON LOUIS,TROY MAHOOD,71.0,,1200,2Y+CL2,GOOD4,FINE,11
2023-01-13,ESPERANCE,8,HUSH NOW,2,JESSICA VALENTI,RICKY MOSS,12.0,,1200,2Y+CL2,GOOD4,FINE,11
2023-01-13,ESPERANCE,8,MISS BRIGHTON,6,JERRY NOSKE,PAUL TAPPER,61.0,,1200,2Y+CL2,GOOD4,FINE,11
