API URL
https://api.beta.tab.com.au/v1/historical-results-service/NSW/racing/2024-08-17/P/R/races/8
https://api.beta.tab.com.au/v1/historical-results-service/NSW/racing/2024-08-17/M/R/races/1
https://api.beta.tab.com.au/v1/historical-results-service/NSW/racing/2024-08-17/M/R/races/2
https://api.beta.tab.com.au/v1/historical-results-service/NSW/racing/2024-08-17/M/R/races/3
https://api.beta.tab.com.au/v1/historical-results-service/NSW/racing/2024-08-17/M/R/races/4
https://api.beta.tab.com.au/v1/historical-results-service/NSW/racing/2024-08-17/M/R/races/5
https://api.beta.tab.com.au/v1/historical-results-service/NSW/racing/2024-08-17/M/R/races/6
https://api.beta.tab.com.au/v1/historical-results-service/NSW/racing/2024-08-17/M/R/races/7
https://api.beta.tab.com.au/v1/historical-results-service/NSW/racing/2024-08-17/M/R/races/8
https://api.beta.tab.com.au/v1/historical-results-service/NSW/racing/2024-08-17/M/R/races/9
https://api.beta.tab.com.au/v1/historical-results-service/NSW/racing/2024-08-17/C/R/races/1
https://api.beta.tab.com.au/v1/historical-results-service/NSW/racing/2024-08-17/C/R/races/2
https://api.beta.tab.com.au/v1/historical-results-service/NSW/racing/2024-08-17/C/R/races/3
https://api.beta.tab.com.au/v1/historical-results-service/NSW/racing/2024-08-17/C/R/races/4
https://api.beta.tab.com.au/v1/historical-results-service/NSW/racing/2024-08-17/C/R/races/5
https://api.beta.tab.com.au/v1/historical-results-service/NSW/racing/2024-08-17/C/R/races/6
https://api.beta.tab.com.au/v1/historical-results-service/NSW/racing/2024-08-17/C/R/races/7
https://api.beta.tab.com.au/v1/historical-results-service/NSW/racing/2024-08-17/C/R/races/8
https://api.beta.tab.com.au/v1/historical-results-service/NSW/racing/2024-08-17/L/R/races/1
https://api.beta.tab.com.au/v1/historical-results-service/NSW/racing/2024-08-17/L/R/races/2
https://api.beta.tab.com.au/v1/historical-results-service/NSW/racing/2024-08-17/L/R/races/3
https://api.beta.tab.com.au/v1/historical-results-service/NSW/racing/2024-08-17/L/R/races/4
https://api.beta.tab.com.au/v1/historical-results-service/NSW/racing/2024-08-17/L/R/races/5
https://api.beta.tab.com.au/v1/historical-results-service/NSW/racing/2024-08-17/L/R/races/6
https://api.beta.tab.com.au/v1/historical-results-service/NSW/racing/2024-08-17/L/R/races/7
https://api.beta.tab.com.au/v1/historical-results-service/NSW/racing/2024-08-17/A/R/races/1
https://api.beta.tab.com.au/v1/historical-results-service/NSW/racing/2024-08-17/A/R/races/2
https://api.beta.tab.com.au/v1/historical-results-service/NSW/racing/2024-08-17/A/R/races/3
https://api.beta.tab.com.au/v1/historical-results-service/NSW/racing/2024-08-17/A/R/races/4
https://api.beta.tab.com.au/v1/historical-results-service/NSW/racing/2024-08-17/A/R/races/5
https://api.beta.tab.com.au/v1/historical-results-service/NSW/racing/2024-08-17/A/R/races/6
https://api.beta.tab.com.au/v1/historical-results-service/NSW/racing/2024-08-17/A/R/races/7
https://api.beta.tab.com.au/v1/historical-results-service/NSW/racing/2024-08-17/A/R/races/8
https://api.beta.tab.com.au/v1/historical-results-service/NSW/racing/2024-08-17/A/R/races/9
https://api.beta.tab.com.au/v1/historical-results-service/NSW/racing/2024-08-17/T/R/races/1
https://api.beta.tab.com.au/v1/historical-results-service/NSW/racing/2024-08-17/T/R/races/2
https://api.beta.tab.com.au/v1/historical-results-service/NSW/racing/2024-08-17/T/R/races/3
https://api.beta.tab.com.au/v1/historical-results-service/NSW/racing/2024-08-17/T/R/races/4
https://api.beta.tab.com.au/v1/historical-results-service/NSW/racing/2024-08-17/T/R/races/5
https://api.beta.tab.com.au/v1/historical-results-service/NSW/racing/2024-08-17/T/R/races/6
https://api.beta.tab.com.au/v1/historical-results-service/NSW/racing/2024-08-17/T/R/races/7
https://api.beta.tab.com.au/v1/historical-results-service/NSW/racing/2024-08-17/T/R/races/1
https://api.beta.tab.com.au/v1/historical-results-service/NSW/racing/2024-08-17/T/R/races/2
https://api.beta.tab.com.au/v1/historical-results-service/NSW/racing/2024-08-17/T/R/races/3
https://api.beta.tab.com.au/v1/historical-results-service/NSW/racing/2024-08-17/T/R/races/4
https://api.beta.tab.com.au/v1/historical-results-service/NSW/racing/2024-08-17/T/R/races/5
https://api.beta.tab.com.au/v1/historical-results-service/NSW/racing/2024-08-17/T/R/races/6
https://api.beta.tab.com.au/v1/historical-results-service/NSW/racing/2024-08-17/T/R/races/7
https://api.beta.tab.com.au/v1/historical-results-service/NSW/racing/2024-08-17/T/R/races/8
https://api.beta.tab.com.au/v1/historical-results-service/NSW/racing/2024-08-17/T/R/races/9
https://api.beta.tab.com.au/v1/historical-results-service/NSW/racing/2024-08-17/E/R/races/1
https://api.beta.tab.com.au/v1/historical-results-service/NSW/racing/2024-08-17/E/R/races/2
https://api.beta.tab.com.au/v1/historical-results-service/NSW/racing/2024-08-17/E/R/races/3
https://api.beta.tab.com.au/v1/historical-results-service/NSW/racing/2024-08-17/E/R/races/4
https://api.beta.tab.com.au/v1/historical-results-service/NSW/racing/2024-08-17/E/R/races/5
https://api.beta.tab.com.au/v1/historical-results-service/NSW/racing/2024-08-17/E/R/races/6
https://api.beta.tab.com.au/v1/historical-results-service/NSW/racing/2024-08-17/E/R/races/7
https://api.beta.tab.com.au/v1/historical-results-service/NSW/racing/2024-08-17/E/R/races/8
https://api.beta.tab.com.au/v1/historical-results-service/NSW/racing/2024-08-17/B/R/races/1
https://api.beta.tab.com.au/v1/historical-results-service/NSW/racing/2024-08-17/B/R/races/2
https://api.beta.tab.com.au/v1/historical-results-service/NSW/racing/2024-08-17/B/R/races/3
https://api.beta.tab.com.au/v1/historical-results-service/NSW/racing/2024-08-17/B/R/races/4
https://api.beta.tab.com.au/v1/historical-results-service/NSW/racing/2024-08-17/B/R/races/5
https://api.beta.tab.com.au/v1/historical-results-service/NSW/racing/2024-08-17/B/R/races/6
https://api.beta.tab.com.au/v1/historical-results-service/NSW/racing/2024-08-17/B/R/races/7
https://api.beta.tab.com.au/v1/historical-results-service/NSW/racing/2024-08-17/B/R/races/8
https://api.beta.tab.com.au/v1/historical-results-service/NSW/racing/2024-08-17/B/R/races/9
https://api.beta.tab.com.au/v1/historical-results-service/NSW/racing/2024-08-17/W/R/races/1
https://api.beta.tab.com.au/v1/historical-results-service/NSW/racing/2024-08-17/W/R/races/2
https://api.beta.tab.com.au/v1/historical-results-service/NSW/racing/2024-08-17/W/R/races/3
https://api.beta.tab.com.au/v1/historical-results-service/NSW/racing/2024-08-17/W/R/races/4
https://api.beta.tab.com.au/v1/historical-results-service/NSW/racing/2024-08-17/W/R/races/5
https://api.beta.tab.com.au/v1/historical-results-service/NSW/racing/2024-08-17/W/R/races/6
https://api.beta.tab.com.au/v1/historical-results-service/NSW/racing/2024-08-17/W/R/races/7
https://api.beta.tab.com.au/v1/historical-results-service/NSW/racing/2024-08-17/W/R/races/8
https://api.beta.tab.com.au/v1/historical-results-service/NSW/racing/2024-08-17/W/R/races/9
